9 0.138671875 0.4365234375 0.138671875 0.4423828125 0.185546875 0.5341796875 0.1953125 0.5361328125 0.265625 0.4970703125 0.265625 0.4912109375 0.2119140625 0.3984375 0.138671875 0.4365234375
10 0.39453125 0.3798828125 0.443359375 0.4736328125 0.451171875 0.4775390625 0.51953125 0.4423828125 0.513671875 0.4267578125 0.4658203125 0.34765625 0.39453125 0.3798828125
11 0.51953125 0.4404296875 0.52734375 0.4404296875 0.591796875 0.4052734375 0.5361328125 0.314453125 0.46875 0.3466796875 0.51953125 0.4404296875
12 0.537109375 0.3115234375 0.587890625 0.3974609375 0.5927734375 0.404296875 0.59765625 0.4033203125 0.6513671875 0.376953125 0.662109375 0.3681640625 0.6044921875 0.279296875 0.537109375 0.3115234375
1 0.654296875 0.5185546875 0.658203125 0.5322265625 0.7109375 0.6201171875 0.7158203125 0.625 0.72265625 0.6240234375 0.7890625 0.5869140625 0.77734375 0.5615234375 0.7255859375 0.482421875 0.654296875 0.5185546875
26 0.3720703125 0.6015625 0.322265625 0.6298828125 0.37109375 0.7431640625 0.380859375 0.7451171875 0.455078125 0.7041015625 0.455078125 0.6962890625 0.4013671875 0.58984375 0.3720703125 0.6015625
49 0.056640625 0.4775390625 0.1015625 0.5732421875 0.1064453125 0.578125 0.115234375 0.5771484375 0.185546875 0.5380859375 0.185546875 0.5322265625 0.1357421875 0.4375 0.056640625 0.4775390625
52 0.236328125 0.6728515625 0.283203125 0.7861328125 0.291015625 0.7919921875 0.373046875 0.7470703125 0.3193359375 0.630859375 0.3095703125 0.6328125 0.236328125 0.6728515625
41 0.7314453125 0.4765625 0.728515625 0.4833984375 0.7890625 0.5810546875 0.796875 0.5830078125 0.8603515625 0.548828125 0.861328125 0.5439453125 0.7958984375 0.4453125 0.7314453125 0.4765625
42 0.40234375 0.5849609375 0.453125 0.6943359375 0.4609375 0.6982421875 0.53515625 0.6572265625 0.494140625 0.5732421875 0.4775390625 0.546875 0.40234375 0.5849609375
43 0.48046875 0.5458984375 0.53515625 0.6533203125 0.54296875 0.6533203125 0.61328125 0.6162109375 0.61328125 0.6103515625 0.5537109375 0.5078125 0.48046875 0.5458984375
14 0.8662109375 0.412109375 0.8603515625 0.412109375 0.8017578125 0.44140625 0.798828125 0.4462890625 0.857421875 0.5380859375 0.8671875 0.5439453125 0.9267578125 0.513671875 0.9296875 0.5048828125 0.875 0.4228515625 0.8662109375 0.412109375
36 0.216796875 0.3994140625 0.216796875 0.4052734375 0.265625 0.4931640625 0.275390625 0.4951171875 0.34375 0.4580078125 0.328125 0.4248046875 0.2880859375 0.361328125 0.216796875 0.3994140625