27 0.1943359375 0.45703125 0.1240234375 0.47265625 0.130859375 0.5478515625 0.1376953125 0.564453125 0.2109375 0.5458984375 0.1943359375 0.45703125
29 0.408203125 0.6455078125 0.4033203125 0.638671875 0.3310546875 0.658203125 0.328125 0.6630859375 0.3505859375 0.767578125 0.4296875 0.7470703125 0.408203125 0.6455078125
36 0.5654296875 0.421875 0.5068359375 0.435546875 0.505859375 0.4443359375 0.5361328125 0.521484375 0.59765625 0.5029296875 0.5654296875 0.421875
30 0.8916015625 0.400390625 0.8369140625 0.4140625 0.8798828125 0.494140625 0.9326171875 0.48046875 0.9375 0.4755859375 0.8916015625 0.400390625
35 0.6044921875 0.208984375 0.5537109375 0.216796875 0.552734375 0.2236328125 0.5810546875 0.28515625 0.6328125 0.2705078125 0.6044921875 0.208984375
34 0.6875 0.2568359375 0.6572265625 0.1953125 0.6083984375 0.205078125 0.607421875 0.2138671875 0.6337890625 0.26953125 0.6806640625 0.26171875 0.6875 0.2568359375
33 0.578125 0.2822265625 0.5498046875 0.21875 0.4990234375 0.2265625 0.49609375 0.2373046875 0.5205078125 0.296875 0.5712890625 0.287109375 0.578125 0.2822265625
13 0.283203125 0.5263671875 0.2626953125 0.439453125 0.1982421875 0.455078125 0.1953125 0.4599609375 0.20703125 0.5322265625 0.2138671875 0.544921875 0.283203125 0.5263671875
40 0.2666015625 0.439453125 0.2861328125 0.52734375 0.35546875 0.5087890625 0.3330078125 0.42578125 0.2666015625 0.439453125
42 0.2509765625 0.6796875 0.2685546875 0.791015625 0.349609375 0.7685546875 0.3271484375 0.66015625 0.2509765625 0.6796875
43 0.8330078125 0.4140625 0.7783203125 0.4296875 0.8212890625 0.51171875 0.876953125 0.4931640625 0.875 0.4833984375 0.8330078125 0.4140625
41 0.7294921875 0.607421875 0.6669921875 0.623046875 0.662109375 0.6298828125 0.7041015625 0.728515625 0.7734375 0.7060546875 0.7294921875 0.607421875
52 0.6591796875 0.626953125 0.5947265625 0.64453125 0.59375 0.6572265625 0.6318359375 0.75390625 0.703125 0.7294921875 0.6591796875 0.626953125
51 0.5888671875 0.6484375 0.5224609375 0.666015625 0.51953125 0.6767578125 0.5537109375 0.779296875 0.62890625 0.7548828125 0.5888671875 0.6484375
26 0.6298828125 0.408203125 0.5712890625 0.421875 0.5703125 0.4306640625 0.6005859375 0.50390625 0.6640625 0.4873046875 0.6298828125 0.408203125
26 0.3984375 0.3095703125 0.3818359375 0.2734375 0.3271484375 0.287109375 0.326171875 0.2978515625 0.3466796875 0.359375 0.408203125 0.3447265625 0.3984375 0.3095703125
10 0.3212890625 0.287109375 0.2646484375 0.30078125 0.265625 0.3193359375 0.2841796875 0.375 0.345703125 0.3583984375 0.3212890625 0.287109375
9 0.4404296875 0.453125 0.4677734375 0.5390625 0.533203125 0.5205078125 0.5029296875 0.4375 0.4404296875 0.453125
2 0.2470703125 0.681640625 0.169921875 0.7021484375 0.1796875 0.8056640625 0.1845703125 0.81640625 0.267578125 0.7919921875 0.2470703125 0.681640625
23 0.2587890625 0.30078125 0.2001953125 0.314453125 0.2109375 0.3798828125 0.2177734375 0.390625 0.28125 0.3740234375 0.2587890625 0.30078125
16 0.7763671875 0.4296875 0.7177734375 0.443359375 0.716796875 0.4580078125 0.7548828125 0.529296875 0.81640625 0.5087890625 0.7763671875 0.4296875