22 0.025390625 0.5556640625 0.060546875 0.6435546875 0.06640625 0.6552734375 0.072265625 0.6572265625 0.1259765625 0.630859375 0.150390625 0.6142578125 0.1044921875 0.515625 0.025390625 0.5556640625
20 0.55078125 0.6513671875 0.55859375 0.6552734375 0.626953125 0.6162109375 0.5654296875 0.517578125 0.49609375 0.5537109375 0.55078125 0.6513671875
34 0.3388671875 0.6328125 0.26171875 0.6767578125 0.3125 0.7841796875 0.3173828125 0.7890625 0.322265625 0.7880859375 0.396484375 0.7431640625 0.359375 0.6650390625 0.34375 0.6357421875 0.3388671875 0.6328125
36 0.185546875 0.4775390625 0.228515625 0.5693359375 0.23828125 0.5712890625 0.306640625 0.5361328125 0.2890625 0.4951171875 0.2568359375 0.44140625 0.185546875 0.4775390625
29 0.7646484375 0.53515625 0.7001953125 0.5703125 0.69921875 0.5771484375 0.759765625 0.6708984375 0.7646484375 0.67578125 0.76953125 0.6748046875 0.8310546875 0.638671875 0.833984375 0.6318359375 0.7734375 0.5419921875 0.7646484375 0.53515625
7 0.421875 0.5927734375 0.4765625 0.6962890625 0.484375 0.6962890625 0.552734375 0.6572265625 0.4951171875 0.5546875 0.4736328125 0.5625 0.421875 0.5927734375
9 0.107421875 0.5146484375 0.1484375 0.6083984375 0.1533203125 0.615234375 0.15625 0.6142578125 0.228515625 0.5751953125 0.2265625 0.5634765625 0.1826171875 0.478515625 0.107421875 0.5146484375
2 0.8291015625 0.501953125 0.771484375 0.5361328125 0.828125 0.6240234375 0.8369140625 0.634765625 0.83984375 0.6337890625 0.8955078125 0.6015625 0.900390625 0.5927734375 0.8359375 0.5029296875 0.8291015625 0.501953125
47 0.34375 0.6357421875 0.390625 0.7294921875 0.3984375 0.7431640625 0.404296875 0.7431640625 0.4765625 0.7001953125 0.4208984375 0.59375 0.3720703125 0.6171875 0.34375 0.6357421875
41 0.380859375 0.3369140625 0.421875 0.4130859375 0.4287109375 0.421875 0.435546875 0.4208984375 0.49609375 0.3896484375 0.4482421875 0.30859375 0.4345703125 0.310546875 0.380859375 0.3369140625
42 0.453125 0.3173828125 0.46484375 0.3310546875 0.49609375 0.3876953125 0.501953125 0.3896484375 0.5625 0.3583984375 0.5107421875 0.279296875 0.451171875 0.3056640625 0.453125 0.3173828125
43 0.513671875 0.2783203125 0.560546875 0.3544921875 0.5703125 0.3564453125 0.625 0.3271484375 0.5732421875 0.251953125 0.5615234375 0.25390625 0.513671875 0.2783203125
44 0.57421875 0.2490234375 0.62890625 0.3251953125 0.685546875 0.2958984375 0.68359375 0.2880859375 0.6298828125 0.220703125 0.57421875 0.2490234375
26 0.8896484375 0.466796875 0.833984375 0.4990234375 0.900390625 0.5927734375 0.90625 0.5947265625 0.9638671875 0.5625 0.96484375 0.5556640625 0.8984375 0.4677734375 0.8896484375 0.466796875