18 0.5812959390625 0.322454028125 0.5425752515625 0.24813689062500002 0.4851794 0.2654278859375 0.48308298125000004 0.2740702015625 0.51766825 0.349900196875 0.5805458953125 0.3282875125 0.5812959390625 0.322454028125
22 0.1748172203125 0.7023214359375001 0.172720803125 0.7109637531249999 0.20474850937500003 0.8220104718749999 0.2885532703125 0.7908890125 0.255082890625 0.675737484375 0.1748172203125 0.7023214359375001
23 0.259718340625 0.6703356390625 0.2559292328125 0.6768176421875001 0.2918423453125 0.7882959984375 0.372011715625 0.75479840625 0.33609860468749997 0.64332005 0.259718340625 0.6703356390625
25 0.783748025 0.7324958515625 0.7975969578125001 0.7320620921875001 0.8551465234375 0.705912959375 0.8024417187499999 0.6024305234375 0.7404104171875 0.6251233625 0.7349286234375 0.629445053125 0.73612128125 0.6354943546875 0.783748025 0.7324958515625
14 0.15586805312500002 0.535531828125 0.12791835000000001 0.43874403125 0.0581162390625 0.46057359375000007 0.052134417187500004 0.46878427343749995 0.07864144375 0.5614672609375 0.0864122546875 0.5623305375000001 0.15586805312500002 0.535531828125
15 0.1339964734375 0.4374469953125 0.1316500421875 0.44803380625000006 0.1589071140625 0.534883309375 0.236133721875 0.5089478781250001 0.2037985859375 0.41561742968750004 0.1339964734375 0.4374469953125
16 0.23723008124999997 0.5080835390625 0.240865471875 0.5104596734375 0.312263971875 0.48387678125000005 0.27773611875 0.3922750109375 0.2120694265625 0.41259171875 0.20658763281249998 0.41691340625000006 0.2075302765625 0.4249072046875 0.23723008124999997 0.5080835390625
17 0.32138115625 0.48193122656250004 0.384508815625 0.45837404687500005 0.380930840625 0.44022613593750004 0.348038259375 0.3665564578125 0.28102519375 0.3896819984375 0.2785824609375 0.39335516875 0.3136103453125 0.48106795 0.32138115625 0.48193122656250004
45 0.4498088421875 0.371945578125 0.5146291890625 0.3505487140625 0.515629246875 0.34277073593749996 0.4791012765625 0.26672492187499997 0.41782001874999997 0.2835842796875 0.4140309140625 0.29006628125 0.4183589328125 0.302380709375 0.4498088421875 0.371945578125
5 0.64526994375 0.29997700781250003 0.606049225 0.2295488578125 0.5467106703125 0.246624034375 0.5451142828125 0.25137736093749996 0.5833349421875 0.3295834890625 0.644269884375 0.307754984375 0.64526994375 0.29997700781250003
6 0.5127660734374999 0.49530354218749995 0.51236234375 0.5061061734375001 0.55127563125 0.59425059375 0.620481415625 0.569396378125 0.5786827796875 0.473042340625 0.5127660734374999 0.49530354218749995
46 0.44246393125 0.521022096875 0.4384248109375 0.52944859375 0.47658805624999995 0.623426496875 0.5501792734375 0.59511493125 0.5083806390625 0.49876089375 0.44246393125 0.521022096875
26 0.5828182 0.4715294859375 0.5826644859375001 0.480387621875 0.6235204765625 0.5687478593749999 0.6929762734375 0.5419491515625 0.648484890625 0.45121277656250003 0.5828182 0.4715294859375
33 0.6528703265625 0.4477554265625 0.6510239234374999 0.4544532484375 0.69382261875 0.5430293078124999 0.761085696875 0.517959271875 0.7146516140625 0.42700708125000003 0.6528703265625 0.4477554265625
12 0.708214103125 0.7605915984375 0.6610873921875 0.6597011140625 0.588842546875 0.685203846875 0.5898814890625 0.7001112859374999 0.6331227968750001 0.8005701328124999 0.70890673125 0.7705298921875 0.708214103125 0.7605915984375
52 0.7840943375 0.7374649984375 0.7318895624999999 0.6300935703125 0.6676655421875 0.6545150875 0.6638764375 0.6609970890625 0.66820445625 0.673311515625 0.712195809375 0.767936878125 0.7840943375 0.7374649984375