18 0.620587684375 0.33677303125 0.5343957203125 0.2974783671875 0.49252619375 0.352827990625 0.49035235312500003 0.35956558125 0.49473104218749997 0.3635050140625 0.58004571875 0.4011410625 0.620587684375 0.33677303125
24 0.41429184062499996 0.36329010156249997 0.3350949265625 0.3242034125 0.2923481125 0.3778944203125 0.291921096875 0.3835955921875 0.3059267015625 0.3927188515625 0.370248475 0.42537731718750005 0.41429184062499996 0.36329010156249997
25 0.3787112765625 0.26781736875 0.36736079374999997 0.2767309171875 0.3368339984375 0.318813340625 0.33903109531250003 0.325136709375 0.415603896875 0.3636012 0.45440679062499995 0.30462324218750003 0.3787112765625 0.26781736875
14 0.4813934234375 0.2384917390625 0.41883397968749997 0.21350416249999998 0.3787035265625 0.2634637140625 0.3800233328125 0.2681284671875 0.457465671875 0.30389792187500003 0.496276315625 0.2492736171875 0.4813934234375 0.2384917390625
15 0.4975806203125 0.24523106249999999 0.5355217296875 0.19330179375 0.52676435 0.18542292968750002 0.45808714375 0.1618859921875 0.4214425890625 0.20541905468750002 0.419268746875 0.21215664374999998 0.42277014843750005 0.21443745937499997 0.4975806203125 0.24523106249999999
16 0.45720210312500004 0.15587372187499998 0.464647425 0.16344148593750002 0.535079209375 0.19029565937499998 0.57302031875 0.1383663890625 0.49471619687499996 0.109645621875 0.45720210312500004 0.15587372187499998
17 0.3514210015625 0.6544605734375 0.3971956890625 0.5826296328125 0.310988221875 0.5346276609375 0.30400092343749996 0.5387733375 0.2647632609375 0.5990988125000001 0.262589421875 0.605836403125 0.266090821875 0.6081172171875 0.3514210015625 0.6544605734375
44 0.3191706390625 0.7106403734375 0.350116696875 0.658503128125 0.26390147656249996 0.6061475015625 0.25691417968749997 0.610293178125 0.21506015625 0.674350109375 0.21725725312500002 0.680673478125 0.3008483609375 0.7324069062499999 0.3191706390625 0.7106403734375
45 0.69818571875 0.2144634625 0.6120092578125 0.1838761015625 0.57538020625 0.2361164703125 0.5793241265625 0.2414034203125 0.6620069375 0.27406361874999996 0.700817584375 0.21943931249999998 0.69818571875 0.2144634625
32 0.53438796875 0.2931247125 0.536585065625 0.29944808125 0.6210224531249999 0.3354255140625 0.6615721703124999 0.2754111375 0.57451066875 0.2388115078125 0.53438796875 0.2931247125
31 0.1644797640625 0.7479427875 0.169308725 0.7592420093750001 0.2494061828125 0.8130482718750001 0.3012908796875 0.735413040625 0.21069697187499997 0.6791179828125 0.1644797640625 0.7479427875
11 0.44513580781249995 0.744859534375 0.44471654374999997 0.7549143593750001 0.5458146562499999 0.8180518609374999 0.594197953125 0.7381358140625001 0.49222255312499996 0.67333969375 0.44513580781249995 0.744859534375
12 0.4922148 0.668986040625 0.4979132984375 0.677590225 0.5955022578125 0.734093259375 0.6421387296875001 0.6552136296875 0.53930154375 0.5974662000000001 0.4922148 0.668986040625
1 0.6857163203125001 0.577059321875 0.5828868875000001 0.5236655421874999 0.5410328640625 0.587722475 0.538859025 0.5944600640625 0.5441150015625 0.6000581140625 0.6416962093749999 0.6522074953125 0.6857163203125001 0.577059321875
2 0.728424375 0.5016000468749999 0.6264799812499999 0.454218540625 0.5854954953125 0.5155804359375 0.5833216546875 0.522318025 0.5903244562500001 0.52687965625 0.6852738 0.5740531859375 0.728424375 0.5016000468749999
3 0.6264644765625 0.44551123437499995 0.6277920390625 0.45452963906250005 0.7279818546875 0.49859391249999996 0.7693933578125 0.431530846875 0.6683262515624999 0.38580795625 0.6264644765625 0.44551123437499995