20 0.301229290625 0.369128228125 0.3149949390625 0.279581528125 0.25444333124999996 0.26758181406250003 0.23875038124999998 0.356778078125 0.301229290625 0.369128228125
21 0.3177275125 0.281068165625 0.30235132187499997 0.36834246249999997 0.364513471875 0.3826145796875 0.3798896640625 0.2953402828125 0.3758633078125 0.2896592734375 0.3177275125 0.281068165625
22 0.3816452125 0.29071058125000004 0.3678795640625 0.38025728281250004 0.4303584734375 0.39260743124999997 0.44573466406250006 0.305333134375 0.44170830937499994 0.299652125 0.3816452125 0.29071058125000004
46 0.805053109375 0.67255034375 0.8223566015625 0.5856264828125 0.756828359375 0.5737116624999999 0.7409636578125001 0.657927790625 0.805053109375 0.67255034375
47 0.866409990625 0.6856862593749999 0.8856407828125 0.5991128328124999 0.8220398421875 0.58754845 0.8081024421875 0.6721150140625001 0.866409990625 0.6856862593749999
48 0.8850072640625 0.60295676875 0.8694593218750001 0.685250928125 0.929694171875 0.6991726109374999 0.9489249640624999 0.6125991843749999 0.8886901140625 0.5986775046874999 0.8850072640625 0.60295676875
49 0.581401728125 0.4517442140625 0.5967779171875 0.36446991875 0.5342990078125001 0.35211976875 0.5189228171875 0.439394065625 0.581401728125 0.4517442140625
50 0.6430753671875 0.4629581625 0.6606956187499999 0.374112334375 0.600144009375 0.36211262187500004 0.5828405171875 0.44903648125 0.6430753671875 0.4629581625
51 0.7089203671875 0.4729510140625 0.726223859375 0.3860271546875 0.6640617093750001 0.3717550375 0.6464414578125 0.460600865625 0.7089203671875 0.4729510140625
0 0.1392754203125 0.5267492859375 0.14650738593749998 0.4587795578125 0.0859557765625 0.4467798421875 0.078155059375 0.47604468281249995 0.07219012968750001 0.53632654375 0.133058496875 0.5464042906250001 0.1392754203125 0.5267492859375
5 0.1989035 0.5563971421875 0.2123523890625 0.468772409375 0.1518007796875 0.4567726953125 0.1364245875 0.54404699375 0.1989035 0.5563971421875
6 0.21764577968749999 0.46676554843750007 0.212035628125 0.47069437656249996 0.2019528296875 0.5559618109375 0.2628211984375 0.5660395578124999 0.27627008750000004 0.47841482500000004 0.21764577968749999 0.46676554843750007
37 0.49779566875 0.6820081421874999 0.513171859375 0.5947338453125 0.452937009375 0.5808121640625 0.43531675937500003 0.6696579921875 0.49779566875 0.6820081421874999
38 0.5764560421875 0.608220196875 0.574040228125 0.604811590625 0.5142938890625001 0.5939480796875001 0.49891769999999996 0.6812223765625001 0.5013335125 0.68463098125 0.5610798499999999 0.6954944921874999 0.5764560421875 0.608220196875
39 0.562518640625 0.692786759375 0.564934453125 0.6961953656250001 0.624680790625 0.7070588765625 0.6286804 0.7008576453125 0.6403737406250001 0.6178626125 0.6360306265625 0.6141035718750001 0.580138890625 0.60394093125 0.5745287390625 0.607869759375 0.562518640625 0.692786759375
7 0.3417983296875 0.4903296453125 0.339382515625 0.48692104062499997 0.27931941875 0.477979496875 0.2658705296875 0.5656042296875 0.32449483749999997 0.57725350625 0.3286661984375 0.576032409375 0.3417983296875 0.4903296453125
8 0.3903398390625 0.5872463578125 0.39370592968749996 0.5848890609375 0.40571602812499996 0.4999720609375 0.3994456125 0.4958625859375 0.342920359375 0.4895438796875 0.3297882296875 0.5752466453125 0.3322040421875 0.57865525 0.3903398390625 0.5872463578125