13 0.25635502187500003 0.310894775 0.32634898125 0.21671602499999998 0.2553075625 0.1575958609375 0.186887675 0.25305773593750003 0.25635502187500003 0.310894775
23 0.43023770937499994 0.30140219375 0.42762266093749995 0.2932210984375 0.3603539703125 0.2408059640625 0.329629678125 0.275044871875 0.28762825937500003 0.33517765625 0.35709560625000003 0.393014696875 0.43023770937499994 0.30140219375
25 0.5183857203125 0.37325712499999997 0.5173447421875 0.3663591515625 0.44850198125 0.31266089531249996 0.4363005859375 0.3232827625 0.3757762703125 0.4070325875 0.4452436171875 0.46486962812500005 0.5183857203125 0.37325712499999997
15 0.574317490625 0.5700857765625 0.6497749546875 0.47552114375 0.5803076078125 0.41768410312500004 0.503276071875 0.5109656140625 0.574317490625 0.5700857765625
1 0.752187584375 0.7150787625 0.769436096875 0.701311825 0.8307931921874999 0.6230803765624999 0.7609094546875 0.5624841484374999 0.7513483203125 0.5631594421874999 0.679155703125 0.6519162859375001 0.68019668125 0.6588142593749999 0.752187584375 0.7150787625
2 0.8338311140625001 0.7804216046875 0.8929643390625 0.71489591875 0.9120203296874999 0.6856640296875 0.836881284375 0.626833278125 0.8011098750000001 0.6642172562499999 0.760174646875 0.71312034375 0.7589002625 0.722970446875 0.8338311140625001 0.7804216046875
36 0.2099656546875 0.27791944062499996 0.138814015625 0.37357425625 0.2071236796875 0.4328873609375 0.21511074218749998 0.43092894375 0.2825811453125 0.3383227296875 0.2099656546875 0.27791944062499996
38 0.3469098859375 0.38955120781249997 0.327762403125 0.40902946562500003 0.27302649375 0.48539896718750003 0.34249383906249997 0.54323600625 0.41795130468749997 0.448671371875 0.3469098859375 0.38955120781249997
48 0.4336920203125 0.4615026109375 0.36075811406249997 0.554494709375 0.42906777968750004 0.6138078124999999 0.504941634375 0.5220023687500001 0.48815994218750003 0.502273159375 0.4336920203125 0.4615026109375
48 0.5101969453125 0.5202368921875 0.4331654078125 0.6135184 0.503049146875 0.6741146296875 0.578923 0.5823091859375 0.5763079515625 0.5741280890625 0.5101969453125 0.5202368921875
49 0.5910991828125 0.5898149859374999 0.5170075953125 0.6842831484375 0.5868913328125 0.744879378125 0.5948783953125 0.7429209609375 0.6666546203125 0.6514049281250001 0.5910991828125 0.5898149859374999
50 0.6671689859375001 0.8103186906250001 0.746932275 0.716844240625 0.6698027640625 0.653971175 0.5957111765625 0.7484393390624999 0.6671689859375001 0.8103186906250001
43 0.7442984953125 0.8731917546875 0.8256358562500001 0.781000428125 0.7485063453125 0.7181273640625 0.6716830046875 0.8127884671875 0.7442984953125 0.8731917546875