13 0.5621838609375 0.5726261265625 0.557462340625 0.52969380625 0.498933309375 0.5418381703125 0.5007642 0.5862465671875 0.5621838609375 0.5726261265625
13 0.22156222812499998 0.5435027203125 0.2189900140625 0.5527019984375 0.2436457671875 0.6018837968749999 0.2868460046875 0.5758810234375 0.2600774234375 0.5231780781250001 0.22156222812499998 0.5435027203125
18 0.3634352515625 0.5722573921875 0.3649294875 0.5846373640625 0.42050652343749995 0.5963435046875001 0.43540081875 0.5519374625 0.3787275671875 0.53750535 0.3634352515625 0.5722573921875
20 0.34681949843750004 0.718086384375 0.344247284375 0.7272856640625001 0.358418496875 0.7607925234375 0.419121721875 0.7297948812499999 0.4026784734375 0.688905275 0.34681949843750004 0.718086384375
20 0.6523506125 0.5403833031249999 0.651652415625 0.5473113296875 0.68193021875 0.589679371875 0.7172363703125 0.5631076078125 0.6847661328125 0.5152876171874999 0.6523506125 0.5403833031249999
21 0.6630490796874999 0.6328355171875 0.6648434921875 0.6286334640625 0.65419974375 0.6090969265624999 0.634326875 0.5804730218749999 0.60370576875 0.6013666546875001 0.5991799328125 0.6109063859375 0.6275837203125 0.6555456796875 0.6630490796874999 0.6328355171875
19 0.3652363125 0.4727652390625 0.36665094531250003 0.4832144125 0.42222798125 0.49492055312499994 0.43720188125000004 0.4524453109375 0.38052862656249997 0.43801319687499995 0.3652363125 0.4727652390625
21 0.16423390468750002 0.4893189828125 0.17387928125000002 0.532365571875 0.24068218125000002 0.5061389734375 0.23127561718749998 0.46888478593749994 0.22619255468750002 0.464908915625 0.16423390468750002 0.4893189828125
23 0.6300349093750001 0.3809197265625 0.62264333125 0.320950659375 0.5807598828125 0.33116657968749996 0.5881514609375 0.391135646875 0.6300349093750001 0.3809197265625
24 0.59937561875 0.6633784359375 0.5499596234374999 0.6340689140625 0.528567634375 0.6640499125 0.5251380140624999 0.6763156171875 0.5704875609375 0.7024444421875 0.5772854328125 0.7002874593749999 0.59937561875 0.6633784359375
25 0.3974610890625 0.6100829296875 0.3953665 0.6308670078125 0.40132520625 0.6560816765624999 0.4643800734375 0.6343975828125 0.45575130937499997 0.592146165625 0.3974610890625 0.6100829296875
25 0.7004946515625 0.22862449843750002 0.6978428328125 0.23589297656250002 0.7216229421875 0.2638359765625 0.7681731953125001 0.22363670156249998 0.744233878125 0.1918321015625 0.7004946515625 0.22862449843750002
14 0.39338969687500003 0.39201680781250003 0.3562526546875 0.374180175 0.323934978125 0.425511884375 0.3221405640625 0.42971393593749996 0.3292568515625 0.435280153125 0.36131083125 0.44914091718750004 0.39338969687500003 0.39201680781250003
15 0.7117237515625 0.7157527140625 0.7013188140625 0.702008575 0.6800495546875001 0.6872407234375 0.639758184375 0.7360726421875 0.6674455359375 0.7633347374999999 0.6770544328125 0.757770878125 0.7117237515625 0.7157527140625
16 0.5568205671875 0.2993619796875 0.5262243453125001 0.24927073906250002 0.48982197968749996 0.273116528125 0.5175275703125 0.3246838484375 0.5568205671875 0.2993619796875
17 0.247738809375 0.223904090625 0.24125935312500002 0.23378427343750002 0.281464471875 0.2783116546875 0.3166114140625 0.24787829062500003 0.2782803125 0.20107965781249998 0.247738809375 0.223904090625
27 0.3551199609375 0.32284375 0.360282628125 0.32875041875 0.40593235156249996 0.3382972203125 0.41859108593750005 0.33511888125 0.4290391515625 0.3021833703125 0.427704121875 0.293664996875 0.37408070625 0.2816184046875 0.3673624375 0.28570618593749997 0.36205880156250003 0.3002431421875 0.3551199609375 0.32284375
35 0.54070238125 0.170905471875 0.5400041859375 0.17783349843750001 0.5627063171875 0.2273557484375 0.6021585218750001 0.20589548125 0.5792971828125 0.15251163125 0.54070238125 0.170905471875
37 0.40807671562500003 0.17554339218749998 0.4085112125 0.2338078421875 0.450713078125 0.23131512187499997 0.453010003125 0.1677129921875 0.4147153796875 0.169524809375 0.40807671562500003 0.17554339218749998
29 0.3423500859375 0.4903662640625 0.29975019999999997 0.4832049859375 0.2829022859375 0.5279514796875 0.277678253125 0.5444192343750001 0.280728090625 0.54680475625 0.3223113640625 0.5531708609375 0.3423500859375 0.4903662640625
29 0.47618140468750003 0.63428566875 0.45433002968749997 0.67698709375 0.49146707031250003 0.694823728125 0.5234663312500001 0.63576881875 0.4882829109375 0.61759173125 0.47618140468750003 0.63428566875
31 0.507825771875 0.518897109375 0.5062950578125001 0.45790668749999996 0.4642524 0.4642610078125 0.46578311406250006 0.5252514296874999 0.507825771875 0.518897109375
8 0.6984182999999999 0.27371380156249997 0.6826483609375 0.29688104531250004 0.7244090812499999 0.3314139734375 0.751502725 0.2965500203125 0.7136492484375 0.26133618593749997 0.6984182999999999 0.27371380156249997
8 0.28295206093749997 0.385981728125 0.277868996875 0.382005859375 0.21981758906249999 0.405735021875 0.217245375 0.4149343 0.23149619062500001 0.45037195937499996 0.2943122453125 0.422895465625 0.28295206093749997 0.385981728125
11 0.49650700781249996 0.7454792484375 0.5008553953125 0.70777269375 0.4975667453125 0.699594771875 0.4406729203125 0.7036754828125 0.435908271875 0.7074228140625001 0.433354296875 0.7409273171875 0.43680215625 0.7529668359375 0.49650700781249996 0.7454792484375
12 0.3032278890625 0.6391450562500001 0.26677080625 0.5900751718749999 0.228653628125 0.6200538124999999 0.264173703125 0.6702593234374999 0.3032278890625 0.6391450562500001
2 0.550034284375 0.4211142875 0.5376574875 0.3834053765625 0.4833541140625 0.40259203593750004 0.4810207125 0.41758371250000004 0.49104586875 0.44597907656249997 0.5453492421874999 0.42679241875 0.550034284375 0.4211142875
3 0.5093897265625 0.10343703281250001 0.494979703125 0.0641377734375 0.43880231406250003 0.08559568437500001 0.43615049531250005 0.0928641609375 0.4504013109375 0.128301821875 0.5047046828124999 0.1091151625 0.5093897265625 0.10343703281250001
48 0.6450751171875 0.530955484375 0.6345723359375001 0.490975321875 0.5763617203125 0.5108428843749999 0.5859274921875001 0.5519586750000001 0.6450751171875 0.530955484375
52 0.6806632046875001 0.463496471875 0.6798854046875 0.4684936984375 0.7017914953125 0.49870795 0.7523285953125 0.45975856875 0.7303429 0.42761351718749996 0.6806632046875001 0.463496471875
41 0.49577403750000004 0.3936212984375 0.4930061375 0.350348525 0.4333808890625 0.3597669140625 0.43419516874999997 0.40338013906250003 0.49577403750000004 0.3936212984375
42 0.6341876125 0.290741121875 0.6368394296875 0.28347264375000003 0.6249220171875 0.23304330625 0.6199185578125 0.2309982375 0.5849921890625 0.242918775 0.5827383921875 0.259841253125 0.5944169921875 0.304478190625 0.6341876125 0.290741121875
43 0.630273721875 0.3867121265625 0.6277015078125 0.39591140468749997 0.641793115625 0.4274874640625 0.696794684375 0.4013727796875 0.6823846625 0.3620735203125 0.630273721875 0.3867121265625
43 0.1748113453125 0.31634452031250004 0.17020590625 0.3239534515625 0.198052465625 0.3550771453125 0.25233760156249996 0.3115852625 0.2244114375 0.278530765625 0.1748113453125 0.31634452031250004