49 0.59765625 0.2587890625 0.599609375 0.2705078125 0.64453125 0.3408203125 0.65625 0.3427734375 0.716796875 0.3173828125 0.716796875 0.3095703125 0.6630859375 0.234375 0.59765625 0.2587890625
50 0.7294921875 0.2109375 0.6806640625 0.2265625 0.666015625 0.2353515625 0.716796875 0.3076171875 0.716796875 0.3134765625 0.72265625 0.3154296875 0.7783203125 0.294921875 0.783203125 0.2900390625 0.783203125 0.2841796875 0.7294921875 0.2109375
51 0.7919921875 0.1875 0.7470703125 0.201171875 0.73046875 0.2099609375 0.78515625 0.2880859375 0.7890625 0.2880859375 0.8310546875 0.2734375 0.84765625 0.2626953125 0.845703125 0.2548828125 0.7919921875 0.1875
37 0.171875 0.4541015625 0.203125 0.5498046875 0.2099609375 0.55859375 0.21484375 0.5576171875 0.29296875 0.5244140625 0.2734375 0.4697265625 0.2509765625 0.421875 0.171875 0.4541015625
38 0.2890625 0.5107421875 0.294921875 0.5224609375 0.30078125 0.5224609375 0.376953125 0.4892578125 0.3310546875 0.392578125 0.25390625 0.4228515625 0.2890625 0.5107421875
39 0.3427734375 0.38671875 0.333984375 0.3935546875 0.376953125 0.4873046875 0.3828125 0.4892578125 0.455078125 0.4580078125 0.455078125 0.4501953125 0.4091796875 0.36328125 0.3427734375 0.38671875
28 0.412109375 0.3623046875 0.45703125 0.4560546875 0.462890625 0.4560546875 0.53125 0.4267578125 0.52734375 0.4111328125 0.4833984375 0.333984375 0.412109375 0.3623046875
29 0.583984375 0.6044921875 0.642578125 0.7158203125 0.6494140625 0.724609375 0.654296875 0.7236328125 0.732421875 0.6806640625 0.669921875 0.5751953125 0.6611328125 0.56640625 0.583984375 0.6044921875
30 0.666015625 0.5654296875 0.724609375 0.6669921875 0.7333984375 0.6796875 0.740234375 0.6787109375 0.810546875 0.6416015625 0.8046875 0.6259765625 0.7412109375 0.529296875 0.666015625 0.5654296875
31 0.8115234375 0.494140625 0.7470703125 0.525390625 0.744140625 0.5322265625 0.810546875 0.6357421875 0.81640625 0.6376953125 0.8779296875 0.607421875 0.88671875 0.5966796875 0.8203125 0.4990234375 0.8115234375 0.494140625
10 0.2294921875 0.642578125 0.15625 0.6767578125 0.185546875 0.7802734375 0.193359375 0.8037109375 0.19921875 0.8056640625 0.2890625 0.7626953125 0.287109375 0.7490234375 0.2451171875 0.638671875 0.2294921875 0.642578125
11 0.2890625 0.7568359375 0.2919921875 0.76171875 0.30078125 0.7607421875 0.3828125 0.7197265625 0.3349609375 0.599609375 0.248046875 0.6376953125 0.2890625 0.7568359375
12 0.4208984375 0.5625 0.3505859375 0.591796875 0.337890625 0.6005859375 0.380859375 0.7119140625 0.3857421875 0.720703125 0.390625 0.7197265625 0.47265625 0.6806640625 0.47265625 0.6728515625 0.458984375 0.6416015625 0.4208984375 0.5625