27 0.240234375 0.6689453125 0.25390625 0.5771484375 0.1826171875 0.56640625 0.173828125 0.6025390625 0.166015625 0.6630859375 0.1748046875 0.66796875 0.2353515625 0.673828125 0.240234375 0.6689453125
32 0.3232421875 0.12109375 0.2294921875 0.1328125 0.2265625 0.1396484375 0.2451171875 0.203125 0.337890625 0.1865234375 0.3232421875 0.12109375
35 0.7353515625 0.142578125 0.681640625 0.1572265625 0.6796875 0.1630859375 0.7080078125 0.240234375 0.763671875 0.2216796875 0.7353515625 0.142578125
38 0.8447265625 0.537109375 0.83203125 0.4560546875 0.8173828125 0.453125 0.7763671875 0.4609375 0.7734375 0.4736328125 0.7890625 0.5458984375 0.8037109375 0.546875 0.8447265625 0.537109375
39 0.3408203125 0.337890625 0.2822265625 0.3671875 0.28515625 0.3798828125 0.3310546875 0.451171875 0.388671875 0.4189453125 0.3408203125 0.337890625
39 0.6015625 0.7919921875 0.5869140625 0.73046875 0.5009765625 0.75 0.5078125 0.8056640625 0.5146484375 0.818359375 0.5908203125 0.798828125 0.6015625 0.7919921875
28 0.390625 0.6806640625 0.376953125 0.6533203125 0.3388671875 0.599609375 0.2880859375 0.6328125 0.28125 0.6416015625 0.3330078125 0.716796875 0.3408203125 0.716796875 0.390625 0.6806640625
18 0.5712890625 0.4765625 0.5791015625 0.5390625 0.666015625 0.5263671875 0.6552734375 0.46484375 0.5712890625 0.4765625
19 0.443359375 0.5439453125 0.3564453125 0.513671875 0.3359375 0.5595703125 0.33203125 0.5712890625 0.3349609375 0.578125 0.4208984375 0.60546875 0.443359375 0.5439453125
20 0.23046875 0.4345703125 0.1611328125 0.42578125 0.15625 0.4384765625 0.1484375 0.5224609375 0.2177734375 0.53125 0.22265625 0.5224609375 0.23046875 0.4345703125
21 0.6640625 0.3583984375 0.6259765625 0.28515625 0.5751953125 0.30859375 0.572265625 0.3173828125 0.6103515625 0.390625 0.6640625 0.3662109375 0.6640625 0.3583984375
23 0.447265625 0.2041015625 0.3837890625 0.189453125 0.373046875 0.2431640625 0.369140625 0.2685546875 0.3720703125 0.283203125 0.4326171875 0.29296875 0.447265625 0.2041015625
15 0.640625 0.2275390625 0.6103515625 0.18359375 0.5390625 0.2275390625 0.5390625 0.2373046875 0.5712890625 0.283203125 0.642578125 0.2373046875 0.640625 0.2275390625
14 0.75 0.3447265625 0.7548828125 0.287109375 0.6748046875 0.271484375 0.66796875 0.2958984375 0.6640625 0.3212890625 0.6669921875 0.333984375 0.7392578125 0.34765625 0.75 0.3447265625
17 0.4130859375 0.421875 0.392578125 0.4658203125 0.3896484375 0.482421875 0.4736328125 0.515625 0.498046875 0.4580078125 0.4130859375 0.421875
5 0.310546875 0.7138671875 0.310546875 0.7080078125 0.2705078125 0.6640625 0.2626953125 0.662109375 0.1923828125 0.724609375 0.189453125 0.7333984375 0.2373046875 0.779296875 0.2978515625 0.7265625 0.310546875 0.7138671875
6 0.498046875 0.6748046875 0.4345703125 0.662109375 0.427734375 0.6845703125 0.4140625 0.7568359375 0.4755859375 0.76953125 0.482421875 0.7568359375 0.498046875 0.6748046875
10 0.5302734375 0.578125 0.4462890625 0.576171875 0.44140625 0.6025390625 0.4423828125 0.642578125 0.533203125 0.6435546875 0.53515625 0.5810546875 0.5302734375 0.578125
10 0.7578125 0.5029296875 0.7255859375 0.421875 0.671875 0.4443359375 0.671875 0.4541015625 0.7021484375 0.525390625 0.7119140625 0.525390625 0.7578125 0.5029296875
1 0.875 0.2822265625 0.8349609375 0.244140625 0.794921875 0.2900390625 0.783203125 0.3076171875 0.8271484375 0.345703125 0.87109375 0.2939453125 0.875 0.2822265625
4 0.8115234375 0.689453125 0.7333984375 0.71484375 0.744140625 0.7607421875 0.7529296875 0.77734375 0.830078125 0.7470703125 0.8115234375 0.689453125
47 0.2099609375 0.2890625 0.1513671875 0.310546875 0.14453125 0.3173828125 0.1884765625 0.404296875 0.251953125 0.3759765625 0.2099609375 0.2890625
49 0.728515625 0.7197265625 0.71875 0.6474609375 0.7021484375 0.64453125 0.6572265625 0.65234375 0.66796875 0.7412109375 0.6767578125 0.744140625 0.7255859375 0.734375 0.728515625 0.7197265625
43 0.6083984375 0.544921875 0.5986328125 0.546875 0.5654296875 0.576171875 0.55859375 0.5849609375 0.6162109375 0.65234375 0.662109375 0.6123046875 0.6083984375 0.544921875
43 0.5390625 0.1689453125 0.4853515625 0.16015625 0.4775390625 0.16015625 0.474609375 0.1669921875 0.470703125 0.2509765625 0.5302734375 0.259765625 0.53515625 0.2548828125 0.5390625 0.1689453125
44 0.58203125 0.3388671875 0.4990234375 0.3046875 0.478515625 0.3564453125 0.4765625 0.3623046875 0.4814453125 0.3671875 0.5595703125 0.3984375 0.58203125 0.3388671875
42 0.4345703125 0.865234375 0.4375 0.8564453125 0.419921875 0.7685546875 0.3564453125 0.78125 0.353515625 0.7978515625 0.369140625 0.8779296875 0.3740234375 0.880859375 0.4345703125 0.865234375