27 0.5206930187500001 0.581540690625 0.5219976546875 0.5853655015625 0.5809699 0.6093352453125 0.6239601921875 0.5251307171875 0.6217857999999999 0.5187560328124999 0.5632484328125 0.49606122656249996 0.5206930187500001 0.581540690625
32 0.42343529062499996 0.208809659375 0.42213065624999996 0.2049848484375 0.3644708 0.18048265937500002 0.35965611875 0.1838873828125 0.32016036406250004 0.26957689218750003 0.321465 0.2734017015625 0.373448171875 0.2944014828125 0.383062025 0.29630655156249996 0.42343529062499996 0.208809659375
33 0.44421641562499997 0.32229372343749996 0.4863369515625 0.235539321875 0.4850323171875 0.2317145109375 0.427372459375 0.207212321875 0.383062025 0.29630655156249996 0.44421641562499997 0.32229372343749996
34 0.445963684375 0.3230362140625 0.45425739375 0.3298309875 0.5027460296874999 0.3493457875 0.5071180765625 0.3490233859375 0.54836885625 0.25971910781249996 0.4902741203125 0.2339419828125 0.445963684375 0.3230362140625
35 0.5682724703125 0.37501055625 0.611270515625 0.2864487703125 0.6099658796874999 0.282623959375 0.5514285140624999 0.259929153125 0.5071180765625 0.3490233859375 0.5682724703125 0.37501055625
40 0.4999041390625 0.472413884375 0.458661115625 0.557360903125 0.5102016546875 0.5814430046875 0.5198155078125 0.583348075 0.5619360437500001 0.4965936734375 0.503841309375 0.47081654687499996 0.4999041390625 0.472413884375
45 0.65791108125 0.361865425 0.6504716203124999 0.366335040625 0.607489084375 0.44618231093749994 0.6218943546875 0.45775443125 0.6686357218750001 0.4765267390625 0.71425079375 0.39125731875 0.7111988874999999 0.38669001718749996 0.65791108125 0.361865425
46 0.7173104515625 0.39146736249999997 0.71337328125 0.3930647015625 0.6695132312500001 0.47471935624999995 0.6839185046875 0.486291475 0.7289126015625 0.50432129375 0.7736501625 0.42085925625 0.7574976234374999 0.408544646875 0.7173104515625 0.39146736249999997
47 0.7784648437499999 0.417454534375 0.7745276750000001 0.4190518734375 0.7569852046875 0.4508422828125 0.7306598703125 0.505063784375 0.7874422156249999 0.53137335625 0.8330572875 0.44610393593750003 0.83175265 0.44227912500000005 0.7784648437499999 0.417454534375
48 0.8313022640625001 0.449718703125 0.7891894828125 0.5321158484375 0.8477190968749999 0.5591679109375 0.89245665625 0.4757058734375 0.8911520218750001 0.47188106249999995 0.8361169453124999 0.4463139796875 0.8313022640625001 0.449718703125
13 0.458661115625 0.557360903125 0.5007816515625 0.47060650156249995 0.44268691562500007 0.44482937656250005 0.39838423437500003 0.52956635 0.3996888703125 0.5333911609374999 0.458661115625 0.557360903125
15 0.7774096484374999 0.7647601828124999 0.8203999421875 0.6805556546875 0.8190953046875 0.6767308437499999 0.76318271875 0.652971146875 0.7197497937499999 0.7402579953124999 0.7774096484374999 0.7647601828124999
16 0.82171233125 0.680023209375 0.77827940625 0.7673100578125001 0.8333144828125001 0.7928771390625 0.8376865296875 0.7925547374999999 0.878929553125 0.7076077187500001 0.8776249187499999 0.7037829078125 0.82171233125 0.680023209375
26 0.7029058375 0.6251765921875 0.6989686671875 0.6267739296875 0.65772564375 0.71172095 0.6590302796875 0.7155457609375 0.718002525 0.739515503125 0.7609928171875 0.655310975 0.75968818125 0.6514861640625 0.7029058375 0.6251765921875
5 0.1236049625 0.4247921609375 0.1275421328125 0.423194821875 0.16878515624999998 0.33824780468750004 0.1666107640625 0.33187311875000003 0.1080733984375 0.30917831093750003 0.10413622812500001 0.31077565156250003 0.06815051718750001 0.3892356265625 0.0655102296875 0.39901503437499997 0.0698745234375 0.4030498890625 0.1236049625 0.4247921609375
6 0.2330069609375 0.3600877609375 0.17359983750000002 0.3348430796875 0.16966266875 0.3364404203125 0.1292894015625 0.4239373125 0.13714823125 0.4294571484375 0.1873841359375 0.4497144390625 0.1913213046875 0.44811709843749997 0.2330069609375 0.3600877609375
7 0.2568477453125 0.47378186875 0.29853340156249997 0.3857525296875 0.2373790078125 0.3597653578125 0.2334418390625 0.3613626984375 0.19219881562500002 0.4463097171875 0.194373209375 0.45268440156249995 0.2061692078125 0.45660689843749996 0.25291057499999997 0.4753792078125 0.2568477453125 0.47378186875
1 0.2300255 0.561586490625 0.1857150640625 0.6506807234374999 0.24686945625 0.67666789375 0.29249228125000004 0.587041215625 0.2300255 0.561586490625
2 0.3132734078125 0.700525278125 0.35539394375 0.613770878125 0.35234203750000004 0.609203575 0.293804671875 0.58650876875 0.2494942359375 0.675603 0.250798871875 0.6794278109375 0.281814821875 0.6915177046875 0.3093362375 0.70212261875 0.3132734078125 0.700525278125
3 0.416548334375 0.6397580484375001 0.4152436984375 0.6359332375 0.3593311125 0.6121735375 0.35539394375 0.613770878125 0.31152613906250004 0.6997827875 0.3119532640625 0.7054149828125 0.3394746796875 0.7160198953125 0.3735502890625 0.7283198328125 0.416548334375 0.6397580484375001