20 0.7199105703125 0.3739685953125 0.7279780765625 0.37462902656249997 0.8081584546875 0.3084926984375 0.7016113078124999 0.193443465625 0.6187016843750001 0.25604105312500003 0.6215511671875 0.26953558593750004 0.7098678359374999 0.36864710624999997 0.7199105703125 0.3739685953125
21 0.3626027796875 0.7233747265625 0.37345965312499996 0.7325517953125 0.507022628125 0.637632375 0.4387313125 0.5441859375 0.3100394109375 0.6293213625 0.306269309375 0.6349329375 0.3102197640625 0.6442550515625001 0.3626027796875 0.7233747265625
35 0.5992260593750001 0.45478655625000003 0.5033829437499999 0.3998156703125 0.42200887343750004 0.5260035937499999 0.4236371515625 0.53371475625 0.51837929375 0.5928580625000001 0.600854334375 0.4624977171875 0.5992260593750001 0.45478655625000003
37 0.791748846875 0.7611109093749999 0.9182250484375001 0.6514028421875 0.832697746875 0.5608079625 0.8166829671875 0.5694428890625 0.7126006578124999 0.658487403125 0.707729584375 0.6682713984374999 0.768466940625 0.740023503125 0.791748846875 0.7611109093749999
38 0.3806819359375 0.377220125 0.47338873125 0.426724478125 0.5429853109375 0.31046559375 0.547389196875 0.2937759125 0.45851261875000004 0.2436378796875 0.45085218125 0.24490523749999998 0.38948970625 0.343840759375 0.376324409375 0.365970221875 0.3806819359375 0.377220125
8 0.6712512953124999 0.31717693125 0.57581525 0.2641338375 0.5000662734375 0.37941545 0.497170428125 0.393860503125 0.5930135421875 0.4488313875 0.672879571875 0.3248880953125 0.6712512953124999 0.31717693125
9 0.3000430375 0.5960602859375 0.3193744875 0.6078255796875001 0.41555588749999994 0.500136840625 0.4196128203125 0.4864972625 0.3563866890625 0.4311180015625 0.33281795000000003 0.418058596875 0.234374490625 0.5291142828125001 0.24146126250000002 0.543902928125 0.3000430375 0.5960602859375
11 0.56442955625 0.656066775 0.5460788421875 0.63017326875 0.447321034375 0.6834219890625 0.45644315312500006 0.7078495874999999 0.5286385625000001 0.8385577234375001 0.633141696875 0.784358484375 0.56442955625 0.656066775
3 0.6335314359375 0.4670672390625 0.63591373125 0.47365608437500006 0.7563526796875 0.49961857500000006 0.79326706875 0.5054822062500001 0.8031895671875 0.5008479046875001 0.8173080859375 0.39875526250000004 0.8106885015625 0.3908723046875 0.6541493015625 0.36290176406249997 0.642098734375 0.4137762875 0.6335314359375 0.4670672390625
47 0.7478128953125001 0.6187444921874999 0.7668024859375 0.50686785625 0.7317430875000001 0.4957094875 0.6032366312499999 0.46908656562499995 0.5813975578125 0.56746866875 0.5819248625 0.57935225 0.587730309375 0.583379628125 0.7478128953125001 0.6187444921874999
51 0.6732300984374999 0.60813954375 0.664695403125 0.600573425 0.565937596875 0.6538221453124999 0.6001502515625 0.7219820015625 0.653407521875 0.8099351515625001 0.7575035875 0.7538081234375 0.6732300984374999 0.60813954375