7 0.671875 0.5537109375 0.6005859375 0.498046875 0.5947265625 0.498046875 0.5859375 0.5068359375 0.55859375 0.5419921875 0.515625 0.5986328125 0.515625 0.6044921875 0.5908203125 0.662109375 0.671875 0.5537109375
12 0.2939453125 0.53515625 0.384765625 0.5126953125 0.3544921875 0.3828125 0.2646484375 0.40234375 0.26171875 0.4111328125 0.267578125 0.4384765625 0.2890625 0.5302734375 0.2939453125 0.53515625
3 0.4951171875 0.513671875 0.533203125 0.4306640625 0.4150390625 0.373046875 0.41015625 0.3779296875 0.373046875 0.4521484375 0.375 0.4599609375 0.4853515625 0.513671875 0.4951171875 0.513671875
47 0.51171875 0.6494140625 0.5078125 0.5166015625 0.4150390625 0.517578125 0.4140625 0.6513671875 0.4189453125 0.65625 0.5068359375 0.654296875 0.51171875 0.6494140625
48 0.7255859375 0.552734375 0.71875 0.5556640625 0.7109375 0.5712890625 0.681640625 0.6376953125 0.8056640625 0.69921875 0.845703125 0.6142578125 0.7255859375 0.552734375
52 0.6806640625 0.388671875 0.603515625 0.4814453125 0.59765625 0.4951171875 0.6728515625 0.55078125 0.755859375 0.4462890625 0.6806640625 0.388671875
44 0.8369140625 0.455078125 0.828125 0.4638671875 0.7890625 0.5380859375 0.7734375 0.5732421875 0.8603515625 0.619140625 0.921875 0.5009765625 0.8369140625 0.455078125
33 0.6328125 0.2705078125 0.5498046875 0.228515625 0.490234375 0.3369140625 0.48828125 0.3447265625 0.4951171875 0.3515625 0.5693359375 0.388671875 0.6328125 0.2705078125
38 0.412109375 0.5478515625 0.4013671875 0.544921875 0.31640625 0.5498046875 0.31640625 0.6845703125 0.3486328125 0.6875 0.4130859375 0.68359375 0.412109375 0.5478515625
23 0.3046875 0.5810546875 0.2822265625 0.5078125 0.1923828125 0.529296875 0.189453125 0.5380859375 0.2216796875 0.662109375 0.314453125 0.6376953125 0.3046875 0.5810546875
1 0.134765625 0.5126953125 0.0927734375 0.509765625 0.0380859375 0.513671875 0.037109375 0.6494140625 0.1337890625 0.646484375 0.138671875 0.6416015625 0.134765625 0.5126953125