40 0.14537367031249998 0.0423568984375 0.13458498125 0.050070603125 0.1852029234375 0.1139064765625 0.2367746703125 0.08656003749999999 0.235286621875 0.0791560921875 0.206695309375 0.05073165625 0.1588362625 0.0364361015625 0.14537367031249998 0.0423568984375
46 0.385757659375 0.859816534375 0.442801325 0.8162088031250001 0.4466921046875 0.8074288953125001 0.37784522656249997 0.7142870046875001 0.35860852187500003 0.7234541109375 0.3119582625 0.761218484375 0.37354297812500004 0.8502027406250001 0.385757659375 0.859816534375
51 0.72633733125 0.6831695984375 0.8090731140624999 0.763558571875 0.8577308218749999 0.711480690625 0.8543284109375 0.7035049250000001 0.774630784375 0.6280002890625 0.7673375906250001 0.6288044296875 0.72834478125 0.6688560921875 0.7225396374999999 0.677064178125 0.72633733125 0.6831695984375
52 0.320369834375 0.336221215625 0.27020923125 0.2605914421875 0.219063796875 0.2811057625 0.21018946875000002 0.28939128593749996 0.256521346875 0.36387741406249996 0.2687980859375 0.3635676546875 0.320369834375 0.336221215625
41 0.3796300578125 0.3062002875 0.329074171875 0.23244086249999998 0.2733094453125 0.255552228125 0.27136405468749997 0.25994218125 0.320005578125 0.33312978437499996 0.32805830937499997 0.333546728125 0.3796300578125 0.3062002875
42 0.436580634375 0.277477884375 0.38602474999999997 0.20371845781250003 0.33910332187500003 0.2235060734375 0.3302289953125 0.2317916 0.3792658015625 0.30310885781249997 0.389628178125 0.302227275 0.436580634375 0.277477884375
43 0.67000866875 0.367087290625 0.674294734375 0.3564370375 0.6013709031250001 0.301845709375 0.5937134546875 0.2995584203125 0.5825294796875 0.3091424703125 0.556999259375 0.3432733359375 0.6367899734375 0.4038926421875 0.67000866875 0.367087290625
30 0.506791446875 0.3978708234375 0.471232075 0.4409364765625 0.5540609453124999 0.5064401203125 0.5946659203125 0.4539452984375 0.5148752078125 0.3933259890625 0.506791446875 0.3978708234375
29 0.9525288171874999 0.3351539515625 0.9975669093749999 0.3098327375 0.9930407046875 0.2975444578125 0.9762687890624999 0.280604159375 0.8977799515625 0.25715945156250003 0.891974809375 0.2653675359375 0.9525288171874999 0.3351539515625
28 0.8967640906250001 0.3582653171875 0.9044215375 0.36055260625 0.9475452687500001 0.33465956874999997 0.9445381421875 0.32481345781250004 0.89045573125 0.26292536875 0.8781789921875 0.263235128125 0.842774765625 0.28149190156250004 0.8381244453125 0.289050725 0.8967640906250001 0.3582653171875
39 0.848594753125 0.39358752343750003 0.8986474234375 0.363798915625 0.8986784515625 0.358837140625 0.8381244453125 0.289050725 0.79196255625 0.310059425 0.7838477671875 0.31956603437500003 0.8428516671875 0.3918720578125 0.848594753125 0.39358752343750003
33 0.52567740625 0.7514851874999999 0.5731182312499999 0.7099801218749999 0.503480784375 0.6205789203125 0.491963584375 0.6221097656250001 0.452637546875 0.654108221875 0.4422131125 0.6649133546875 0.5118505578125 0.7543145546875001 0.52567740625 0.7514851874999999
6 0.3817049796875 0.7104688718750001 0.38203820624999996 0.718522078125 0.44936600625 0.8092218015625001 0.4566592 0.808417659375 0.5110289625 0.763017021875 0.5084171203125 0.7513005640625 0.44257736718749996 0.668004784375 0.43528417499999994 0.6688089265625 0.3940437765625 0.7002355609375 0.3817049796875 0.7104688718750001
4 0.0309974734375 0.7607324890625 0.0415367734375 0.759979978125 0.058440896875 0.6944404296875 0.0279811 0.6867053828125 0.0309974734375 0.7607324890625
3 0.531135815625 0.3693509953125 0.5149062359375 0.3883642140625 0.5167895703125 0.3938978125 0.59199201875 0.4521523921875 0.6042997875 0.44688085624999996 0.6344493 0.41015294375 0.6356351515625 0.40454190468749995 0.62800873125 0.397292840625 0.5611922390624999 0.347508409375 0.5496750390625 0.349039253125 0.531135815625 0.3693509953125
11 0.8558474875 0.7059470921875 0.8627453968750001 0.7070132984375 0.902924059375 0.661350596875 0.903350371875 0.6545184734375 0.8236527453125 0.5790138390624999 0.8140499078125 0.581116503125 0.7854815328125 0.610363034375 0.774630784375 0.6280002890625 0.8558474875 0.7059470921875
24 0.8194597671875 0.5747787640625 0.8217383828125 0.5784420156250001 0.9014360109374999 0.653946653125 0.90833391875 0.65501285625 0.9454123687499999 0.614389371875 0.9447148859375 0.6032447359375 0.868055415625 0.5326244359375 0.8588478609375001 0.5328567546875 0.8302794859375 0.562103284375 0.8194597671875 0.5747787640625