18 0.2476913765625 0.7004939515624999 0.24549280156250003 0.7040006875 0.27247867812500004 0.838476084375 0.278342775 0.842175621875 0.36908246875 0.8227523234375 0.372453865625 0.8199854953125 0.3445880671875 0.6816924609375 0.2476913765625 0.7004939515624999
19 0.4700834140625 0.8000150937500001 0.4664154421875 0.766707146875 0.44412329531249994 0.661293053125 0.4406048359375 0.6590733296875 0.40395699062499996 0.6653155921875 0.3486923234375 0.67775671875 0.3454679875 0.6855101 0.3720139046875 0.8180766765625 0.3755323640625 0.8202963984375 0.4217086 0.8119091140625001 0.4700834140625 0.8000150937500001
20 0.47154913125000003 0.79767726875 0.5250551828125001 0.790651696875 0.569618640625 0.7796156859375001 0.5413128828125 0.6394138296875 0.44632187031250004 0.6577863171875 0.44456325625000004 0.6632018734375 0.47154913125000003 0.79767726875
23 0.1271630453125 0.3993415234375 0.12173890937500001 0.3975508046875 0.030706315625 0.420051834375 0.028507740625 0.42355857031250005 0.058425053125 0.5533583171875 0.0619435109375 0.555578040625 0.1541489234375 0.5338169203125 0.15708035781250002 0.5291412703125 0.1271630453125 0.3993415234375
24 0.1312673 0.3954057828125 0.1290687234375 0.39891251875 0.15752031875 0.531050090625 0.1610387765625 0.5332698140625001 0.2551498671875 0.5110796875 0.22625831093749998 0.377033296875 0.2208341765625 0.375242578125 0.1312673 0.3954057828125
25 0.22801692812500002 0.37161774062499997 0.2585212625 0.5083128578125 0.346622421875 0.4904874765625 0.355270890625 0.4845248171875 0.3249136171875 0.35281624843750004 0.321395159375 0.3505965265625 0.22801692812500002 0.37161774062499997
17 0.813492740625 0.16351720625 0.7258315421875 0.1832514078125 0.7554559578125 0.3161288875 0.758974415625 0.3183486109375 0.845902753125 0.299783321875 0.8507398671875 0.2946786671875 0.8189168765625 0.165307925 0.813492740625 0.16351720625
28 0.660641428125 0.6527079734375001 0.67031688125 0.655549503125 0.7587109359374999 0.6346463890625 0.7293794203124999 0.49869117812499997 0.6324827296875 0.5174926703125 0.6302841546875 0.52099940625 0.660641428125 0.6527079734375001
29 0.7315779984375 0.4951844421875 0.7293794203124999 0.49869117812499997 0.7597366937500001 0.6303997453125 0.7632551515625 0.63261946875 0.8535548859375 0.61128735 0.82466333125 0.477240959375 0.81923919375 0.475450240625 0.7315779984375 0.4951844421875
30 0.9511844343750001 0.5913169484374999 0.9222928796875 0.45727055625 0.8273018671875001 0.47564304375 0.8554605640625 0.610858346875 0.870413090625 0.61050404375 0.9511844343750001 0.5913169484374999
31 0.4349956375 0.24772016406250003 0.4672585890625 0.3789997265625 0.5606368203125001 0.3579785125 0.531745265625 0.22393212187499997 0.5282268078125 0.2217123984375 0.436754253125 0.24230460781250002 0.4349956375 0.24772016406250003
44 0.6592921265625 0.333761465625 0.629814775 0.2058705375 0.5953655046875 0.208606065625 0.5362894812500001 0.2219052 0.534090903125 0.22541193750000002 0.5431842390625 0.2735614375 0.5621025390625001 0.3556406890625 0.57368366875 0.3580532140625 0.6563606921875 0.3384371140625 0.6592921265625 0.333761465625
4 0.660172046875 0.33757910625 0.6675018625 0.3389408203125 0.7539902406250001 0.3184667109375 0.7236329671874999 0.18675814375 0.7163031531249999 0.1853964296875 0.6305476328124999 0.204701625 0.660172046875 0.33757910625