32 0.6739128562500001 0.8103260453125 0.6814566796875 0.8132544421875 0.7469687078125 0.7650525234375001 0.7062472343749999 0.7139417156250001 0.6423220093750001 0.75670760625 0.63884925 0.7614115359375 0.643598825 0.7703159171875 0.6739128562500001 0.8103260453125
33 0.504296040625 0.467099915625 0.47263582499999995 0.3993332078125 0.4221529109375 0.4140311875 0.41694377187500004 0.42108708281249996 0.452146115625 0.498298125 0.5062513656250001 0.4819802828125 0.504296040625 0.467099915625
35 0.7624486874999999 0.384742121875 0.8070547890625 0.3506155125 0.8047201046874999 0.34063122031250004 0.74929034375 0.2787675421875 0.7135157171875 0.304218390625 0.70174041875 0.3157860703125 0.7064899921875 0.324690453125 0.7624486874999999 0.384742121875
36 0.32977358749999997 0.3025209015625 0.2781049015625 0.26733389375 0.2459417734375 0.316377346875 0.236880515625 0.33303324375 0.23785817812499999 0.34047342812500003 0.28937728906250004 0.37257637187500003 0.32977358749999997 0.3025209015625
37 0.8149541578124999 0.7551314296875 0.7903240171875 0.8323157515625 0.7937165703125 0.838676025 0.8516522640625 0.86318311875 0.8785477203125 0.781834821875 0.8149541578124999 0.7551314296875
38 0.3955956046875 0.2352746390625 0.36622672500000003 0.2783421078125 0.43682433749999994 0.334998378125 0.47087342187500003 0.28668702343749997 0.40163282968749997 0.2325748640625 0.3955956046875 0.2352746390625
29 0.6026497078124999 0.371126596875 0.6819617296875 0.34038563125 0.6618361937499999 0.294243853125 0.653314709375 0.2838752703125 0.578682890625 0.309372353125 0.5745316203125 0.312804228125 0.576716728125 0.31970445625 0.6026497078124999 0.371126596875
30 0.3452709640625 0.5839028640625 0.33531225 0.5820543765624999 0.283771465625 0.6003763734375 0.26460192031249996 0.6120997203125 0.2900059640625 0.6653338703125 0.3682601171875 0.6382169249999999 0.3452709640625 0.5839028640625
46 0.3723897140625 0.685209990625 0.3693656828125 0.6991661140625001 0.3784638 0.77229589375 0.43723841874999997 0.7759466359375 0.43048582187499995 0.6875886765625 0.3723897140625 0.685209990625
47 0.692154575 0.49967707031249997 0.733966428125 0.471526446875 0.7335176984375 0.46227425312500003 0.6815606984375 0.3957066453125 0.653260525 0.40993762499999997 0.6312967296875 0.42763695625000003 0.684760328125 0.49983273749999996 0.692154575 0.49967707031249997
48 0.7418462625 0.570408653125 0.7371660578125 0.5756525390625 0.7455054578125 0.6585744671875 0.8085809218750001 0.661877396875 0.8031853468750001 0.57606355 0.7418462625 0.570408653125
51 0.37545709375 0.5704039843750001 0.375719384375 0.4867864328125 0.31732412656250003 0.47823961875 0.31317285625 0.48167149218749994 0.3134394984375 0.563477034375 0.32475523281249996 0.56786963125 0.37545709375 0.5704039843750001
41 0.5583839671875 0.6666301046875 0.565927790625 0.6695585015625001 0.6244249281250001 0.616616175 0.5807596312500001 0.5683972875000001 0.5233203609375 0.6177155937500001 0.5198476000000001 0.622419525 0.524597175 0.6313239078125 0.5583839671875 0.6666301046875
42 0.6142212484375 0.48253720468749994 0.610369128125 0.4921372078125 0.6116936390625 0.5703187296875 0.6737112359374999 0.57724568125 0.6745024625 0.4918161203125 0.6142212484375 0.48253720468749994
3 0.1797187234375 0.43894462343749996 0.17556745468749999 0.44237649843750004 0.1758340953125 0.5241820390624999 0.2354368015625 0.5321889 0.2399999390625 0.4482235390625 0.1797187234375 0.43894462343749996
6 0.5895954531250001 0.7251446171875 0.5839375875 0.7229483203125 0.5197132109375 0.75954608125 0.5151825828125001 0.7678740312500001 0.5497172531250001 0.81860055 0.621715234375 0.776951046875 0.5895954531250001 0.7251446171875