9 0.207838046875 0.40959653281249997 0.135042725 0.44684345625 0.1351109015625 0.4527049140625 0.183051621875 0.5450800578125 0.192839475 0.5471475515625001 0.2626938953125 0.508889615625 0.26262571874999996 0.5030281578125 0.207838046875 0.40959653281249997
10 0.3902300703125 0.3931609484375 0.4401465421875 0.48751264531249994 0.4480040953125 0.4915112234375 0.515950940625 0.457138190625 0.509910059375 0.4414394328125 0.4611405421875 0.36175274687500003 0.3902300703125 0.3931609484375
11 0.52374031875 0.45527531093749996 0.5877811125 0.42085680937500003 0.5310631406249999 0.32935626875 0.46405871875000004 0.36080993906250003 0.515928215625 0.455184371875 0.52374031875 0.45527531093749996
12 0.5990099843750001 0.29498323593750003 0.5320055640625 0.32643690625 0.5837841593750001 0.41299606093749996 0.5887462625000001 0.419891265625 0.5936174640625 0.4189711921875 0.6470188796875 0.3932198375 0.6576582578125 0.3845526921875 0.5990099843750001 0.29498323593750003
1 0.7751366078124999 0.5793221578125001 0.7224610390625 0.49959000312499996 0.6515960187500001 0.5349058421875 0.6556611484375 0.5486280484375 0.7094154953125 0.6371637578125 0.7143548734375 0.6421051421875 0.7211791 0.6412078046875 0.7871501953125 0.60485821875 0.7751366078124999 0.5793221578125001
26 0.3995086546875 0.6032761 0.37034961875 0.6146579953125 0.3208769796875 0.6424086390625 0.37102070625 0.7562985296875 0.3808085609375 0.7583660234375 0.45454630625 0.7181997375 0.45445540468749995 0.7103844593749999 0.3995086546875 0.6032761
49 0.13212455 0.4477862640625 0.053492874999999995 0.48691880468750004 0.09952602031249999 0.5831788515625 0.1044653984375 0.5881202375 0.113242653125 0.5872456328125 0.18309707343749998 0.548987696875 0.1830288953125 0.543126240625 0.13212455 0.4477862640625
52 0.23544380468749998 0.6843923359375 0.2836345046875 0.79825949375 0.291514784375 0.8042118890625 0.37301918437500003 0.7602289046874999 0.31795880312499997 0.643351446875 0.3082164015625 0.6451915921875 0.23544380468749998 0.6843923359375
41 0.7923381859374999 0.46328588593750003 0.7282519421875 0.49379675 0.7254019421875 0.500601015625 0.78708201875 0.5989967593750001 0.794916846875 0.60104151875 0.8579924906249999 0.5675885578125001 0.8589121890625 0.5627153765624999 0.7923381859374999 0.46328588593750003
42 0.40042835312499997 0.59840291875 0.452479653125 0.7084079046875 0.4603372078125 0.7124064828125001 0.5340749546875 0.672240196875 0.4920842140625 0.5877485359375 0.4751767015625 0.561178728125 0.40042835312499997 0.59840291875
43 0.47809487656250005 0.560235921875 0.534029503125 0.668332559375 0.54184160625 0.6684234984375 0.611718753125 0.63211938125 0.611650575 0.6262579234375 0.5508901984375 0.522988996875 0.47809487656250005 0.560235921875
14 0.9239863093749999 0.5331927921874999 0.926813584375 0.52443470625 0.8711743875 0.44173772187499993 0.8622607828125 0.4308894078125 0.8564017046875 0.4308212046875 0.7981518125 0.45944645156249997 0.7952790859375 0.4642968984375 0.8549379625 0.55680845 0.8647712671875001 0.5627835812499999 0.9239863093749999 0.5331927921874999
36 0.28357427031250004 0.3733606203125 0.212731975 0.410630278125 0.21280015 0.4164917375 0.26264844374999996 0.5049819765625 0.27243629999999996 0.50704946875 0.34036041875 0.47072261875 0.324349878125 0.43732581093749995 0.28357427031250004 0.3733606203125