9 0.3212890625 0.2890625 0.240234375 0.2939453125 0.2421875 0.3974609375 0.244140625 0.4091796875 0.25390625 0.4111328125 0.3056640625 0.41015625 0.328125 0.4052734375 0.32421875 0.2958984375 0.3212890625 0.2890625
10 0.490234375 0.4755859375 0.4970703125 0.478515625 0.572265625 0.4775390625 0.57421875 0.3623046875 0.4951171875 0.359375 0.4921875 0.3623046875 0.490234375 0.4755859375
11 0.5771484375 0.361328125 0.57421875 0.4775390625 0.5849609375 0.48046875 0.654296875 0.4794921875 0.658203125 0.4736328125 0.658203125 0.3642578125 0.6513671875 0.361328125 0.5771484375 0.361328125
12 0.658203125 0.3642578125 0.658203125 0.4775390625 0.736328125 0.4794921875 0.7421875 0.4755859375 0.740234375 0.3623046875 0.6611328125 0.361328125 0.658203125 0.3642578125
1 0.64453125 0.7255859375 0.6513671875 0.73046875 0.7265625 0.7294921875 0.73046875 0.6142578125 0.7275390625 0.611328125 0.6474609375 0.609375 0.64453125 0.7255859375
26 0.3173828125 0.552734375 0.3125 0.6689453125 0.3154296875 0.671875 0.3486328125 0.673828125 0.39453125 0.6728515625 0.3984375 0.6689453125 0.400390625 0.5556640625 0.3974609375 0.552734375 0.3173828125 0.552734375
49 0.1572265625 0.29296875 0.154296875 0.2958984375 0.15625 0.3955078125 0.158203125 0.4111328125 0.166015625 0.4130859375 0.2392578125 0.41015625 0.2421875 0.4072265625 0.2373046875 0.291015625 0.1572265625 0.29296875
52 0.23046875 0.5537109375 0.228515625 0.6689453125 0.310546875 0.6708984375 0.314453125 0.5537109375 0.3056640625 0.55078125 0.2333984375 0.55078125 0.23046875 0.5537109375
41 0.7353515625 0.73046875 0.80859375 0.7294921875 0.8125 0.6142578125 0.7333984375 0.611328125 0.728515625 0.7275390625 0.7353515625 0.73046875
42 0.4052734375 0.671875 0.48046875 0.6708984375 0.484375 0.5537109375 0.4033203125 0.55078125 0.3984375 0.6689453125 0.4052734375 0.671875
43 0.482421875 0.6689453125 0.4853515625 0.671875 0.564453125 0.6728515625 0.568359375 0.5556640625 0.4873046875 0.552734375 0.484375 0.5556640625 0.482421875 0.6689453125
36 0.4052734375 0.2890625 0.3291015625 0.291015625 0.32421875 0.2939453125 0.328125 0.4091796875 0.3310546875 0.412109375 0.353515625 0.4111328125 0.4091796875 0.41015625 0.412109375 0.4072265625 0.41015625 0.3076171875 0.4052734375 0.2890625
14 0.8154296875 0.61328125 0.8125 0.6435546875 0.810546875 0.7294921875 0.8896484375 0.732421875 0.89453125 0.6162109375 0.8154296875 0.61328125