5 0.2445690890625 0.3513728296875 0.31253609375 0.32622225 0.31519984375 0.3209258828125 0.3113536125 0.309163571875 0.27952984375 0.2387270484375 0.271671384375 0.23709893593750003 0.244050584375 0.24672810625000002 0.20807756875 0.26218084531249997 0.2445690890625 0.3513728296875
6 0.3479242046875 0.21488339218750002 0.2816998375 0.2408823625 0.31996719218749997 0.3265434375 0.3853036421875 0.302309921875 0.38885531093750003 0.2952481 0.3479242046875 0.21488339218750002
7 0.3545005859375 0.2125907328125 0.35183683593750004 0.2178870984375 0.38928267031249997 0.2965550234375 0.40151431562499995 0.29811446406250003 0.45458592343750004 0.27670080937499997 0.45771023125 0.268332065625 0.41980383750000005 0.19273651875 0.41457593125000003 0.19019134375 0.3869551328125 0.1998205125 0.3545005859375 0.2125907328125
8 0.45941966718750005 0.2735597578125 0.52475611875 0.24932624374999998 0.485567646875 0.169809925 0.47859710624999996 0.1664163578125 0.4290439703125 0.18514749375 0.42026439531250004 0.189664140625 0.42065855625 0.19535036562500002 0.45941966718750005 0.2735597578125
8 0.1740874296875 0.5928746796875 0.17707894531249999 0.60202314375 0.21922572968749998 0.6950672265625 0.2310300171875 0.69531974375 0.297781340625 0.6574897890625 0.2991630140625 0.6482726515625 0.2535309578125 0.553531784375 0.24083875312499997 0.555044725 0.1793817328125 0.5866612499999999 0.1740874296875 0.5928746796875
9 0.2991630140625 0.6482726515625 0.37512127031250003 0.607232975 0.32906185312499997 0.511185184375 0.3207760375 0.5082501484375 0.2558005484375 0.5425491921875001 0.2513941609375 0.54699716875 0.2560951125 0.561373325 0.2991630140625 0.6482726515625
10 0.37732446406250003 0.6050089859375001 0.45065216875 0.564886371875 0.4019622 0.4697556453125 0.3919005484375 0.47035152187499996 0.33307408125000004 0.5010509828124999 0.327779778125 0.5072644125 0.329916571875 0.51379903125 0.37732446406250003 0.6050089859375001
12 0.301147090625 0.040466690625 0.2953922296875 0.0497524984375 0.30748685625 0.12706700312500002 0.373578428125 0.1185852390625 0.3632596359375 0.0377398265625 0.301147090625 0.040466690625
1 0.3766363390625 0.11897509843750001 0.44183999375000005 0.11225879218749998 0.4445037453125 0.10696242656249999 0.431521203125 0.0314133796875 0.37115129375 0.034988634375 0.3645749109375 0.037281295312500004 0.3645417125 0.041660596875 0.3766363390625 0.11897509843750001
2 0.4457858234375 0.11088319687499999 0.5101015624999999 0.1059323453125 0.5119437953125 0.0936428296875 0.49540958125 0.0251556046875 0.44030077656250005 0.0268967328125 0.43372439687500003 0.029189392187500003 0.43280328125 0.035334149999999995 0.4457858234375 0.11088319687499999
27 0.5919179015625 0.445754625 0.6460434187499999 0.40067900625 0.586665246875 0.331113046875 0.57969470625 0.3277194796875 0.5634508328125001 0.336294240625 0.52474766875 0.36580195 0.5247144687499999 0.3701812515625 0.5919179015625 0.445754625
32 0.6499560468750001 0.40368271250000004 0.7040483671875 0.3629863953125 0.6355296593750001 0.287871553125 0.58538316875 0.327192275 0.6499560468750001 0.40368271250000004
33 0.6452303484375 0.27721014843749997 0.63858756875 0.2882614140625 0.705396840625 0.3581485609375 0.7551159703125 0.317520915625 0.6896219765625 0.2471752359375 0.6452303484375 0.27721014843749997
35 0.9096588109375 0.29276235 0.9004186796875 0.30035137343749996 0.929939659375 0.3861497921875 0.9978070656250001 0.3741371203125 0.9674313671875 0.28572485468750003 0.9096588109375 0.29276235
36 1 0.2790601953125 0.975323025 0.2829736625 0.96874664375 0.2852663234375 1 0.3718846984375 1 0.2790601953125
47 0.7935945921875 0.6637161421875 0.7510868453125 0.56060653125 0.734021453125 0.5621881421875 0.6805224890625 0.5822948718750001 0.6778587375 0.5875912375000001 0.7229638390625001 0.6941630890625 0.7935945921875 0.6637161421875
48 0.860773275 0.6271931109375 0.8186264890625001 0.534149028125 0.7568085078125 0.5557000249999999 0.7519415640625 0.563220378125 0.7957645875 0.6658714578125 0.8619889546874999 0.6398724859375 0.860773275 0.6271931109375