0 0.20472553750000003 0.39967391406249997 0.201772728125 0.39000583125 0.1538259625 0.38897595625000003 0.1485997640625 0.40875052187499994 0.14724600937500001 0.45738238593749997 0.200992028125 0.45475075781249996 0.20472553750000003 0.39967391406249997
5 0.44633120625 0.5041381953124999 0.43739898281249995 0.513072753125 0.45761570156250003 0.5546755125 0.5223871703125 0.528607815625 0.5029837234375 0.483196603125 0.44633120625 0.5041381953124999
6 0.24594984375 0.6718411578125 0.2331914875 0.6798964640625 0.2607001484375 0.7531399984375 0.3150930171875 0.728682628125 0.28567129062499996 0.65499946875 0.24594984375 0.6718411578125
7 0.3444633453125 0.6475344125 0.3141871234375 0.6765349859375 0.36257309375 0.736597109375 0.4060143078125 0.6976370015625 0.35913476875 0.63991873125 0.3444633453125 0.6475344125
8 0.6756024671875 0.29513005 0.66986326875 0.293811175 0.6297351875 0.31255709062500003 0.6184832625000001 0.32295624843750004 0.6422395859375001 0.3573817265625 0.6970390890625 0.3310201296875 0.6756024671875 0.29513005
9 0.4165730703125 0.6810855375 0.4122802484375 0.68709089375 0.41903170625 0.7635550796875 0.47550406093750003 0.7575546234375 0.46765280625 0.6768423593749999 0.4165730703125 0.6810855375
10 0.5530338875 0.7234316203125 0.5330624703125 0.788760675 0.585755003125 0.809859015625 0.611239146875 0.7328119281250001 0.5608663140625 0.7102489859375 0.5530338875 0.7234316203125
11 0.6475410953125 0.7131867625 0.648987471875 0.7205109937499999 0.7071189359375001 0.7678301046875 0.7148312546875 0.764608228125 0.738675115625 0.7281364734375 0.7372287390625 0.72081224375 0.68060370625 0.67583698125 0.673298021875 0.6771546328125 0.6534004015625 0.7045448796875 0.6475410953125 0.7131867625
12 0.7331435640625 0.6459596078125001 0.7337766718750001 0.6570922921875 0.770277609375 0.7164208890625 0.8142918765625 0.6935738453125 0.7755913453125001 0.6257490906250001 0.7331435640625 0.6459596078125001
1 0.8435232687499999 0.5284914859375001 0.8422433109374999 0.5391845453124999 0.8825841234375 0.5664339671875 0.9165801124999999 0.515314975 0.8758927203125 0.4849894015625 0.8435232687499999 0.5284914859375001
2 0.8820660390624999 0.41848719687499997 0.8792796484375 0.4268364046875 0.8884246031249999 0.46389718437500005 0.9559687203125 0.4624387078125 0.9461306031250001 0.419225621875 0.8820660390624999 0.41848719687499997
3 0.8346923265624999 0.433570384375 0.8443177125 0.4307881328125 0.86763483125 0.40618136250000003 0.818315484375 0.35988845 0.7900123812500001 0.384348271875 0.7872860453125 0.3877170984375 0.79255855625 0.3959205796875 0.8346923265624999 0.433570384375
4 0.9084698156250001 0.3606293265625 0.86987565 0.3158022390625 0.843259140625 0.327664775 0.8339202828125 0.3385035578125 0.8728610296875001 0.38640679843750003 0.9084097625 0.3656097046875 0.9084698156250001 0.3606293265625
27 0.28105937187499996 0.59201181875 0.2110891875 0.5719372265625 0.2040700296875 0.5813114109375 0.19013808125 0.6230574437499999 0.264687615625 0.6451832109375 0.2816924796875 0.603144503125 0.28105937187499996 0.59201181875
32 0.3321991640625 0.5827882609375 0.32969930000000003 0.5991939984375 0.3786257546875 0.6144327109375001 0.406309490625 0.5458817796875 0.3570364546875 0.527566915625 0.3321991640625 0.5827882609375
33 0.59929763125 0.45039370156249997 0.541392640625 0.41611149843749995 0.519928534375 0.4461382734375 0.51598229375 0.45521978125 0.5201550078125 0.459175184375 0.57580035 0.4899416078125 0.59929763125 0.45039370156249997
34 0.649989559375 0.5419496500000001 0.62183405 0.490531859375 0.5825192390625 0.5054693218749999 0.5778197828125 0.513378903125 0.6081748859375 0.57329285 0.652882315625 0.5565981109375 0.649989559375 0.5419496500000001
35 0.655903834375 0.4014740609375 0.6112238890625 0.352251946875 0.58646039375 0.3695344859375 0.575961684375 0.38110557031250003 0.6191351984375 0.42798383281249996 0.6287605843749999 0.4252015796875 0.655903834375 0.4014740609375
36 0.4929567875 0.6147364093750001 0.47976431249999996 0.690612796875 0.49158929218749997 0.6963267 0.5344900203125 0.7021900046875 0.544262996875 0.623530140625 0.4929567875 0.6147364093750001
37 0.7857572140625 0.5781434265625001 0.828551578125 0.5610090624999999 0.8267586187499999 0.5506086796874999 0.7951836109375 0.49640741093749996 0.7581885015625 0.509880271875 0.7500695484375 0.515006378125 0.75116934375 0.5192544546875 0.7857572140625 0.5781434265625001
38 0.88330985625 0.633522746875 0.8282513093749999 0.585910959375 0.820945625 0.587228609375 0.795188696875 0.6232607390625 0.8483341781249999 0.6704329 0.85598644375 0.6721914015625 0.88330985625 0.633522746875
39 0.7870320875 0.440597040625 0.784938859375 0.455098553125 0.79298401875 0.48791125468749996 0.8609347703125 0.4845485515625 0.8515032890625 0.439431240625 0.7870320875 0.440597040625
28 0.568817334375 0.273587184375 0.5326818046875 0.311229640625 0.569543065625 0.3406759625 0.60956478125 0.29893237968749997 0.5765296531249999 0.27036530625 0.568817334375 0.273587184375
29 0.752878334375 0.31388699062500003 0.7415663578125 0.3292665265625 0.7765145515625 0.3582732265625 0.8161296328125 0.3184338671875 0.7811814375 0.2894271703125 0.752878334375 0.31388699062500003
30 0.5435408374999999 0.2697762828125 0.5409483500000001 0.230225925 0.47920348593749995 0.22802289843749998 0.48022948593750003 0.27020978125 0.5435408374999999 0.2697762828125
31 0.759878665625 0.21061790625 0.7477396749999999 0.2627643234375 0.7878540140625 0.276976834375 0.7936532671875 0.2733153328125 0.8019060703124999 0.22527004375 0.759878665625 0.21061790625
13 0.1650554890625 0.5713469765625 0.22982695937500003 0.54527928125 0.21465627812500002 0.49884309375 0.2089170796875 0.49752421875 0.1499448625 0.5199304109375 0.14101263749999998 0.52886496875 0.1550835234375 0.5710530781250001 0.1650554890625 0.5713469765625
18 0.324009984375 0.3391880890625 0.335035434375 0.3157520203125 0.3356222328125 0.29890665625 0.2794501453125 0.2800052171875 0.2721444609375 0.28132286875 0.25670608125 0.32072504999999996 0.29566056875 0.33566986249999997 0.324009984375 0.3391880890625
19 0.34401905625 0.4616488375 0.3423324640625 0.4742461234375 0.3986709671875 0.5111648515625 0.42790744687500004 0.4729358203125 0.3693092953125 0.4325013140625 0.34401905625 0.4616488375
20 0.21929059374999998 0.3690605640625 0.21111158593749998 0.3791670484375 0.2433334453125 0.4115425734375 0.297966528125 0.3671636875 0.26574467031250004 0.33478816093749997 0.21929059374999998 0.3690605640625
21 0.3022456078125 0.394116759375 0.28820729375 0.412865125 0.329301321875 0.4412864703125 0.37135621093750004 0.3900217546875 0.33408831562499997 0.36247965781249997 0.3022456078125 0.394116759375
22 0.6738095093750001 0.28472966718750004 0.7209893171874999 0.31754604375 0.7278883656249999 0.31813261875 0.749699053125 0.291181996875 0.7482526765624999 0.283857765625 0.6991598015625 0.25060176562500003 0.6879078765625 0.26100092343750003 0.6742761984375 0.2778450625 0.6738095093750001 0.28472966718750004
23 0.680205728125 0.5179294546875 0.713961503125 0.4867319796875 0.6650487890625 0.43853484218750005 0.66006280625 0.43838789062499994 0.6325129203125 0.4640196375 0.62937995 0.4692926921875 0.633146028125 0.4751523203125 0.680205728125 0.5179294546875
24 0.3599052984375 0.3214671484375 0.354452625 0.3282048046875 0.38626784999999997 0.3624845578125 0.4373613265625 0.3252829515625 0.4055461046875 0.2910031984375 0.3599052984375 0.3214671484375
25 0.34446183124999996 0.2340160046875 0.31459224375 0.2611123515625 0.3647248625 0.303596809375 0.396160934375 0.2738639359375 0.35136088125 0.23460258125000003 0.34446183124999996 0.2340160046875
14 0.5375665078125 0.41523224843750006 0.5517386734375 0.3535647 0.50582508125 0.343013690625 0.4913063359375 0.4016050875 0.5375665078125 0.41523224843750006
15 0.564685846875 0.1707565015625 0.547361884375 0.1438022046875 0.49807510625000007 0.1584457671875 0.49146258437499996 0.1659157234375 0.5098863421875001 0.1971180984375 0.5649723734375 0.1788130328125 0.564685846875 0.1707565015625
16 0.595627746875 0.2138250859375 0.5403289859375 0.18613481406250001 0.522404484375 0.2089843078125 0.518864878125 0.21616158749999997 0.5245440234375 0.22246084375000003 0.5733503703125 0.2476603125 0.595627746875 0.2138250859375
17 0.6070598328125001 0.1884847890625 0.603866809375 0.1987382234375 0.655279384375 0.2305296234375 0.679063190625 0.199038246875 0.6264907640625 0.1679791484375 0.6070598328125001 0.1884847890625
40 0.28081407187499996 0.48508000625000003 0.2638555171875 0.5550967640625 0.31707479375 0.5643301203125 0.3328734984375 0.4950456640625 0.32870078281250004 0.49109026250000004 0.28081407187499996 0.48508000625000003
45 0.220016325 0.43614934375000003 0.21421707343750002 0.43981084687500005 0.22596825625 0.48346355625 0.299085153125 0.4653066671875 0.28582753906249997 0.41931010312500006 0.220016325 0.43614934375000003
46 0.4549682453125 0.6469588609375 0.46710723749999994 0.59481244375 0.393250865625 0.57883898125 0.3815185109375 0.629081171875 0.4549682453125 0.6469588609375
47 0.436266615625 0.44788819999999996 0.4304673640625 0.451549703125 0.44836438125000005 0.49461706406249994 0.514235646875 0.4727974453125 0.4963386296875 0.42973008437500004 0.436266615625 0.44788819999999996
48 0.4754750625 0.40995306875 0.467956646875 0.3652753828125 0.4022655421875 0.37215386562499997 0.39837935468749996 0.37625499375000004 0.406711040625 0.4171242265625 0.416276371875 0.419322353125 0.4754750625 0.40995306875
49 0.623844825 0.67378090625 0.6314044671875 0.6195833125 0.5813181625 0.6050769015624999 0.5651128234375 0.6762655828125 0.568878903125 0.6821252140625 0.6167055609375 0.6931158468749999 0.623844825 0.67378090625
50 0.782397771875 0.5703795703125001 0.73389169375 0.52027820625 0.7164939359375 0.5312627156249999 0.6959031515625 0.5525006578125 0.7497417953125 0.605825125 0.77845153125 0.579461078125 0.782397771875 0.5703795703125001
51 0.773173934375 0.44440427031249996 0.7717275578125 0.4370800390625 0.730813690625 0.39371755468749997 0.7250744921875001 0.392398678125 0.6952649578125001 0.41451464531250004 0.694391634375 0.42330347812499997 0.7368119328125 0.46900981406250003 0.773173934375 0.44440427031249996
52 0.6802143859374999 0.3581177015625 0.674008496875 0.36368343125 0.695038484375 0.40147773593749997 0.7547639171875 0.38024346875 0.734140565625 0.3405449359375 0.6802143859374999 0.3581177015625
41 0.5194104484375 0.2981915046875 0.5160510046875 0.2904276484375 0.4559326796875 0.2806077171875 0.447573509375 0.3056553359375 0.44849314375000005 0.3248445515625 0.5116843859375 0.33437180781250003 0.5194104484375 0.2981915046875
42 0.3820437375 0.2036977796875 0.378157553125 0.2077989078125 0.38538944062499997 0.2444200625 0.4499206953125 0.2382738828125 0.441589009375 0.1974046484375 0.3820437375 0.2036977796875
43 0.672256765625 0.25440776875000004 0.6192176500000001 0.23023327343750002 0.6119119656249999 0.231550925 0.59728685625 0.2671446546875 0.6503259703125 0.2913191484375 0.6576316546875 0.290001496875 0.672256765625 0.25440776875000004
44 0.7156842359375 0.24840608749999998 0.7346622218750001 0.20182662499999998 0.7289830765625 0.1955273703125 0.695361153125 0.1838056609375 0.679229609375 0.21705553906250002 0.6744701015625 0.2299454984375 0.6782361796874999 0.23580512812499999 0.7156842359375 0.24840608749999998
26 0.4906645703125 0.5502841578125001 0.485965115625 0.5581937390625 0.497716296875 0.6018464484375 0.570426559375 0.585593784375 0.5556625140625 0.537253371875 0.4906645703125 0.5502841578125001
26 0.65048881875 0.5960015171874999 0.64039674375 0.6056683765625 0.6744115609375 0.648444284375 0.7305510765625 0.60640925 0.696536259375 0.5636333421875 0.65048881875 0.5960015171874999