13 0.5185546875 0.58984375 0.5185546875 0.634765625 0.580078125 0.6318359375 0.5771484375 0.587890625 0.5185546875 0.58984375
13 0.2822265625 0.529296875 0.2431640625 0.54296875 0.240234375 0.5517578125 0.2626953125 0.60546875 0.306640625 0.5869140625 0.2822265625 0.529296875
18 0.3994140625 0.564453125 0.3828125 0.5966796875 0.3837890625 0.609375 0.4384765625 0.630859375 0.455078125 0.5888671875 0.3994140625 0.564453125
20 0.4169921875 0.720703125 0.3603515625 0.740234375 0.357421875 0.7490234375 0.3701171875 0.78515625 0.431640625 0.7646484375 0.4169921875 0.720703125
20 0.7041015625 0.595703125 0.6708984375 0.615234375 0.669921875 0.6220703125 0.6982421875 0.669921875 0.734375 0.6494140625 0.7041015625 0.595703125
21 0.6796875 0.7060546875 0.669921875 0.6845703125 0.6513671875 0.65234375 0.6201171875 0.66796875 0.615234375 0.6767578125 0.6416015625 0.7265625 0.677734375 0.7099609375 0.6796875 0.7060546875
19 0.4052734375 0.46484375 0.388671875 0.4970703125 0.3896484375 0.5078125 0.4443359375 0.529296875 0.4609375 0.4892578125 0.4052734375 0.46484375
21 0.2509765625 0.46484375 0.1884765625 0.478515625 0.1962890625 0.5234375 0.263671875 0.5087890625 0.255859375 0.4697265625 0.2509765625 0.46484375
23 0.6083984375 0.392578125 0.61328125 0.4541015625 0.6552734375 0.451171875 0.650390625 0.3896484375 0.6083984375 0.392578125
24 0.61328125 0.7294921875 0.5654296875 0.69140625 0.54296875 0.7177734375 0.5390625 0.7294921875 0.5830078125 0.763671875 0.58984375 0.7626953125 0.61328125 0.7294921875
25 0.4736328125 0.6328125 0.4150390625 0.640625 0.412109375 0.6611328125 0.4169921875 0.6875 0.48046875 0.6767578125 0.4736328125 0.6328125
25 0.7763671875 0.28125 0.7314453125 0.310546875 0.728515625 0.3173828125 0.7509765625 0.349609375 0.798828125 0.3173828125 0.7763671875 0.28125
14 0.419921875 0.4208984375 0.3837890625 0.396484375 0.349609375 0.4423828125 0.34765625 0.4462890625 0.3544921875 0.453125 0.3857421875 0.47265625 0.419921875 0.4208984375
15 0.72265625 0.8017578125 0.712890625 0.7861328125 0.6923828125 0.767578125 0.650390625 0.8095703125 0.6767578125 0.841796875 0.6865234375 0.837890625 0.72265625 0.8017578125
16 0.5205078125 0.318359375 0.5458984375 0.375 0.5859375 0.3564453125 0.5576171875 0.30078125 0.5205078125 0.318359375
17 0.3134765625 0.208984375 0.2822265625 0.2265625 0.275390625 0.2353515625 0.3134765625 0.287109375 0.349609375 0.2626953125 0.3134765625 0.208984375
27 0.447265625 0.3681640625 0.458984375 0.3369140625 0.4580078125 0.328125 0.4052734375 0.306640625 0.3984375 0.3095703125 0.392578125 0.3232421875 0.384765625 0.3447265625 0.3896484375 0.3515625 0.4345703125 0.369140625 0.447265625 0.3681640625
35 0.6142578125 0.212890625 0.5751953125 0.224609375 0.57421875 0.2314453125 0.5947265625 0.28515625 0.634765625 0.2705078125 0.6142578125 0.212890625
37 0.4501953125 0.201171875 0.443359375 0.2060546875 0.44140625 0.2646484375 0.4833984375 0.26953125 0.48828125 0.2060546875 0.4501953125 0.201171875
29 0.365234375 0.5107421875 0.3232421875 0.49609375 0.3046875 0.5380859375 0.298828125 0.5537109375 0.3017578125 0.556640625 0.3427734375 0.5703125 0.365234375 0.5107421875
29 0.5048828125 0.6640625 0.4921875 0.6787109375 0.46875 0.7177734375 0.5048828125 0.7421875 0.5390625 0.6884765625 0.5048828125 0.6640625
31 0.4873046875 0.505859375 0.486328125 0.5673828125 0.5283203125 0.568359375 0.529296875 0.5068359375 0.4873046875 0.505859375
8 0.7431640625 0.345703125 0.7275390625 0.35546875 0.7109375 0.3759765625 0.7509765625 0.41796875 0.779296875 0.3876953125 0.7431640625 0.345703125
8 0.310546875 0.3955078125 0.3056640625 0.390625 0.2470703125 0.404296875 0.244140625 0.4130859375 0.2568359375 0.451171875 0.3203125 0.4345703125 0.310546875 0.3955078125
11 0.513671875 0.7568359375 0.5107421875 0.748046875 0.4541015625 0.7421875 0.44921875 0.7451171875 0.4453125 0.7783203125 0.4482421875 0.791015625 0.5078125 0.7939453125 0.513671875 0.7568359375
12 0.2470703125 0.62109375 0.2802734375 0.677734375 0.3203125 0.6533203125 0.2861328125 0.59765625 0.2470703125 0.62109375
2 0.57421875 0.4775390625 0.5634765625 0.4375 0.5087890625 0.447265625 0.505859375 0.4619140625 0.5146484375 0.4921875 0.5693359375 0.482421875 0.57421875 0.4775390625
3 0.546875 0.1513671875 0.5341796875 0.109375 0.4775390625 0.12109375 0.474609375 0.1279296875 0.4873046875 0.166015625 0.5419921875 0.15625 0.546875 0.1513671875
48 0.5966796875 0.572265625 0.6044921875 0.615234375 0.6640625 0.6044921875 0.6552734375 0.5625 0.5966796875 0.572265625
52 0.7529296875 0.515625 0.7021484375 0.54296875 0.701171875 0.5478515625 0.7216796875 0.58203125 0.7734375 0.5517578125 0.7529296875 0.515625
41 0.4609375 0.3955078125 0.4599609375 0.439453125 0.521484375 0.4404296875 0.5205078125 0.396484375 0.4609375 0.3955078125
42 0.666015625 0.3544921875 0.65625 0.3017578125 0.6513671875 0.298828125 0.6162109375 0.3046875 0.61328125 0.3212890625 0.623046875 0.3681640625 0.6630859375 0.361328125 0.666015625 0.3544921875
43 0.7080078125 0.44140625 0.6552734375 0.45703125 0.65234375 0.4658203125 0.6650390625 0.5 0.720703125 0.4833984375 0.7080078125 0.44140625
43 0.2568359375 0.27734375 0.2060546875 0.306640625 0.201171875 0.3134765625 0.2275390625 0.349609375 0.283203125 0.3154296875 0.2568359375 0.27734375