45 0.7388288859375 0.6042799484375 0.7373393874999999 0.596090178125 0.6916853640625 0.5895921796875 0.6766346984375 0.642542546875 0.6766393046875 0.663051496875 0.72266455 0.6664697 0.7388288859375 0.6042799484375
46 0.48760463906249996 0.6235318796875 0.4820270765625 0.6287109015625 0.4791558546875 0.6782155000000001 0.5530735140624999 0.676247540625 0.557711503125 0.6274956296875 0.48760463906249996 0.6235318796875
47 0.7802962828125 0.5992804984375 0.8172104375 0.6063723515625 0.8389523343749999 0.5390035765625 0.8375567937499999 0.5351710953125 0.797109109375 0.5265738703125 0.7873495265625 0.540764396875 0.7718336796874999 0.59243726875 0.7802962828125 0.5992804984375
44 0.398109415625 0.816378075 0.46728131250000005 0.7972778875000001 0.46876620625000004 0.7849587078125 0.46048230625000003 0.7458121546875 0.3986547359375 0.7604860062500001 0.386104071875 0.7670115703125 0.39280912031250004 0.8141200140624999 0.398109415625 0.816378075
43 0.5102032046875 0.2305748875 0.497643328125 0.19608255000000002 0.49234303281249997 0.1938244875 0.42075588125 0.22268886875 0.4389918828125 0.276868421875 0.511509396875 0.2505590296875 0.5102032046875 0.2305748875
43 0.383690659375 0.3709540421875 0.36228774375 0.2916803671875 0.31700955 0.3026115265625 0.30622565 0.3098897765625 0.329301371875 0.3855588484375 0.3372048359375 0.386767296875 0.383690659375 0.3709540421875
35 0.5654703484375 0.398748334375 0.5329353390625 0.43237745624999996 0.5817608796875 0.48447852343750003 0.619037046875 0.44747267968750004 0.5763482046874999 0.395827371875 0.5654703484375 0.398748334375
36 0.6597463390625 0.7929276890625 0.6473697703125 0.7466409781250001 0.638719253125 0.7310831703125 0.5940941546875 0.7520064 0.6142848359374999 0.8156532203125 0.64942761875 0.8014834343749999 0.6597463390625 0.7929276890625
37 0.46135279218749997 0.4817507859375 0.41243329375000004 0.42529243125000005 0.3801755515625 0.45148446875000003 0.37246 0.4589906 0.372182734375 0.466427684375 0.4197066921875 0.519053559375 0.46135279218749997 0.4817507859375
39 0.41508712656249996 0.649841271875 0.39787544218750004 0.60257399375 0.372214975 0.6099903375 0.3245215265625 0.6306856875 0.322012315625 0.6360925890625 0.3418271671875 0.682310253125 0.41508712656249996 0.649841271875
29 0.7855090687499999 0.211868503125 0.7908895046875 0.1569570015625 0.7232918515625 0.14758635 0.71697184375 0.15892496250000002 0.713170259375 0.205874571875 0.7746312125 0.21478946406250002 0.7855090687499999 0.211868503125
30 0.5713868921875 0.2469268625 0.5639486078125 0.246995909375 0.547587146875 0.2594531828125 0.5054758640625 0.295478459375 0.5366337546875 0.34005265625000003 0.5990112515625 0.2899956859375 0.5713868921875 0.2469268625
30 0.7137846671875 0.457616759375 0.69250334375 0.5057540765625 0.7538749453125 0.53082063125 0.7760866296875 0.4852383015625 0.7212229515625 0.4575477125 0.7137846671875 0.457616759375
27 0.2457088765625 0.365056721875 0.2549139265625 0.3657403625 0.3007466515625 0.3399350390625 0.26102759531249997 0.263651371875 0.2103597546875 0.28847612968749997 0.20692018281250002 0.29132804375 0.21017644687499998 0.30027050312500003 0.2457088765625 0.365056721875
2 0.6266171890625001 0.25102870625 0.632937196875 0.23969009375 0.6464044046875 0.17419266875 0.634408271875 0.16584406406250002 0.595727353125 0.157999525 0.5902437484374999 0.1675358375 0.5760340921875 0.2391928515625 0.6266171890625001 0.25102870625
2 0.2904122734375 0.6927856515624999 0.280464778125 0.6982616 0.2828938484375 0.7500242593750001 0.35932072187499997 0.742649396875 0.3620979875 0.6887875109375 0.2904122734375 0.6927856515624999
3 0.21378827500000003 0.650428034375 0.20541041718750003 0.606924190625 0.122569578125 0.6212803765625 0.11968914374999999 0.629767075 0.128160959375 0.6776282078125 0.21146697812499998 0.6645495140625 0.21378827500000003 0.650428034375
1 0.5810414625 0.593182865625 0.5751728171875 0.5442721203125 0.5062781859375 0.555935225 0.4998642203125 0.5629165484375 0.5074056734375 0.6082226921875 0.519679071875 0.6091342125 0.5810414625 0.593182865625
9 0.4584953859375 0.5927822375 0.43216800624999996 0.52867965625 0.4056711328125 0.5378983015625 0.3797334 0.552751728125 0.411361075 0.61911236875 0.4559861734375 0.5981891390625 0.4584953859375 0.5927822375
20 0.13497101875 0.3642901203125 0.137296921875 0.370677590625 0.18147526249999998 0.43051266874999994 0.19068031093749999 0.43119630937500003 0.23381591093749998 0.4020833078125 0.2277685640625 0.3854758875 0.18721770937499999 0.3315034703125 0.1797794265625 0.3315725171875 0.1392469953125 0.3596359046875 0.13497101875 0.3642901203125
14 0.5766052046875 0.7121762078125 0.574279303125 0.7057887359375 0.5286252796875 0.6992907390624999 0.5087441046875 0.7717694890625 0.5548633078125 0.7795449796875 0.5621136765625 0.77076135625 0.5766052046875 0.7121762078125
14 0.3591733359375 0.086362984375 0.3545261359375 0.09409699375 0.3854067609375 0.146108275 0.456712040625 0.104172028125 0.426202640625 0.049080953125 0.3591733359375 0.086362984375
17 0.283491675 0.5139089265625 0.2740895 0.4634928078125 0.21737430937500002 0.47171014375000003 0.2143999171875 0.47583955156249996 0.22613260156249998 0.5531520921874999 0.28414937500000004 0.5444099484375 0.283491675 0.5139089265625
16 0.76711739375 0.2925370234375 0.747316359375 0.3078462125 0.778013675 0.3716518640625 0.8216144546875 0.34381635781250003 0.7944506703124999 0.281516078125 0.76711739375 0.2925370234375