5 0.35722966718750004 0.42987206875000006 0.34093879843749997 0.46492275781250003 0.3270775828125 0.5107462265625 0.38480554375 0.5268970937499999 0.411511084375 0.4496735828125 0.35722966718750004 0.42987206875000006
7 0.710630540625 0.640000625 0.7568040453125 0.661717034375 0.7629532265625001 0.6574280921875 0.789522275 0.5859101203125 0.7391275984375001 0.558099021875 0.7329784171875 0.5623879640625 0.70475434375 0.6328784890625 0.710630540625 0.640000625
10 0 0.5976342609375 0.0085007671875 0.6001697781249999 0.017792784375000002 0.5908835953125 0.047504670312500004 0.51436838125 0.040580859375 0.5089119906249999 0 0.4983446546875 0 0.5976342609375
11 0.0526062375 0.5117451859375 0.044969246875 0.5220588171875 0.01556106875 0.599920628125 0.0803493296875 0.615822346875 0.1133405421875 0.528604353125 0.0526062375 0.5117451859375
12 0.1460487125 0.6357638578125 0.1763372859375 0.5491841640625 0.1183056203125 0.531686696875 0.110061215625 0.5393071328125 0.082444553125 0.612490853125 0.0829154765625 0.6208895890624999 0.1460487125 0.6357638578125
1 0.1838377859375 0.544576071875 0.17559338124999999 0.5521965078125 0.15010266875 0.6348064109375 0.21593854218750003 0.6490423812499999 0.242917065625 0.560407790625 0.1838377859375 0.544576071875
39 0.2218041375 0.277474 0.20785075000000003 0.2850244359375 0.2293524890625 0.355117509375 0.289114225 0.3424215296875 0.265957459375 0.271301009375 0.2218041375 0.277474
28 0.2925607671875 0.3387708859375 0.3467500125 0.32029936718749996 0.3254154890625 0.25725843125000003 0.318187971875 0.25045544375 0.3060261015625 0.2533277890625 0.2660939515625 0.26559547031249997 0.287595690625 0.3356885421875 0.2925607671875 0.3387708859375
29 0.3788608296875 0.24179925781249997 0.32886203125 0.25360778906250003 0.325719196875 0.2586050296875 0.35097118437499997 0.32639405625 0.40576784374999997 0.3106157328125 0.3788608296875 0.24179925781249997
30 0.409989015625 0.316710421875 0.4631306484375 0.2999046484375 0.433520996875 0.23172647343750002 0.3841296125 0.24622819843750002 0.409989015625 0.316710421875
31 0.4671846046875 0.2989472015625 0.5138733515625 0.285083771875 0.5138426265625 0.272326096875 0.491324 0.216656446875 0.44612306406249996 0.2244951859375 0.43757495312500005 0.2307690234375 0.46221952968749996 0.29586485625000003 0.4671846046875 0.2989472015625
34 0.6996527734375 0.635501684375 0.70475434375 0.6328784890625 0.7329784171875 0.5623879640625 0.72213714375 0.5521834828125 0.680928715625 0.5335494187500001 0.645948046875 0.605635690625 0.656789321875 0.6158401703124999 0.6996527734375 0.635501684375
47 0.6789699828125 0.5311753734375 0.6598535796875 0.5158336515624999 0.6279678921875 0.5006710796875 0.5902845859375 0.5733956499999999 0.6439893140625 0.60326164375 0.6511861062500001 0.5973069546875001 0.6789699828125 0.5311753734375
42 0.7340668140625 0.3905134734375 0.7264298234375001 0.40082710468749994 0.7217855828124999 0.4685852828125 0.7793463265625 0.47768401406249994 0.7838233531250001 0.4028736984375 0.7340668140625 0.3905134734375
43 0.7908836531250001 0.40262454999999997 0.7857820859375 0.4052477453125 0.7813050593749999 0.48005806093750003 0.8345081421874999 0.48876764218749996 0.8389851671875 0.41395732656249995 0.7908836531250001 0.40262454999999997
44 0.892812790625 0.4948540296875 0.8941469796874999 0.42504095468749997 0.8433428296875001 0.41434647656249995 0.8398962875 0.41799711874999995 0.8375144859375 0.48947594062500005 0.88862234375 0.5015170171875 0.892812790625 0.4948540296875
18 0.443444625 0.5470877546875 0.47015016718749997 0.4698642421875 0.4158687484375 0.45006273124999996 0.3867642765625 0.5292711390625 0.443444625 0.5470877546875
22 0.5959699125 0.8131683187500001 0.6229484359375 0.724533728125 0.564749553125 0.6999841250000001 0.5337170734375001 0.7895761640625001 0.5959699125 0.8131683187500001
23 0.628961125 0.725950325 0.6228119453125001 0.7302392671875 0.598536059375 0.8182355609374999 0.6585264578125 0.8381070718749999 0.68384995625 0.74844503125 0.628961125 0.725950325
24 0.7183803671875 0.863684121875 0.7430964515625 0.7713288875 0.6871600078125 0.750499928125 0.6594375796875 0.8421468640625 0.7183803671875 0.863684121875
26 0.475555440625 0.46858764375 0.46687083749999997 0.4805670234375 0.4464509703125 0.547796053125 0.50478634375 0.566640115625 0.5281818328125001 0.487361709375 0.475555440625 0.46858764375