32 0.149943475 0.3805243796875 0.20400635312499998 0.29492354375 0.144516515625 0.2591096296875 0.0904536359375 0.3447104671875 0.149943475 0.3805243796875
33 0.21183686875 0.4142603953125 0.264845478125 0.33036410781250003 0.206999940625 0.295508046875 0.15399133125 0.3794043359375 0.21183686875 0.4142603953125
27 0.43393415312499994 0.6410236874999999 0.381515575 0.7275823781249999 0.4393611125 0.7624384375 0.44657178750000004 0.75620474375 0.49283396249999994 0.6741752 0.43393415312499994 0.6410236874999999
38 0.601805865625 0.4744827546875 0.5935409203125 0.48242099843749997 0.5493872859375 0.5610414453125 0.6082870953125 0.5941929546875 0.659651403125 0.5093388140624999 0.601805865625 0.4744827546875
37 0.747002921875 0.632103134375 0.6958078421875 0.7112591203124999 0.697282915625 0.717915128125 0.7531891374999999 0.7504821328125 0.80784204375 0.6675436984374999 0.747002921875 0.632103134375
50 0.8123839593750001 0.7849648453125 0.8653925687499999 0.7010685578125 0.80784204375 0.6675436984374999 0.7555926937499999 0.7484042359374999 0.8123839593750001 0.7849648453125
9 0.52390389375 0.3038931125 0.5790210453125 0.21658772499999998 0.5228198109375 0.18268951875 0.467702659375 0.26999490625 0.52390389375 0.3038931125
10 0.58474301875 0.339333678125 0.638805896875 0.253732840625 0.583658934375 0.21813008437499998 0.52689748125 0.3044776171875 0.58474301875 0.339333678125
11 0.643937840625 0.37381638906250003 0.6990549921875 0.2865110015625 0.64285375625 0.2526127953125 0.58773660625 0.33991818125 0.643937840625 0.37381638906250003
12 0.703132665625 0.4082991015625 0.75883984375 0.3236561171875 0.7009943078124999 0.2888000578125 0.645287128125 0.373443040625 0.703132665625 0.4082991015625
24 0.4845003046875 0.526720925 0.538563184375 0.44112008906250005 0.4823619484375 0.4072218796875 0.42829906875 0.49282271875 0.4845003046875 0.526720925
51 0.5463937 0.5604569390624999 0.5977580062500001 0.4756028 0.5415567718750001 0.4417045921875 0.48913819218750004 0.5282632828125 0.5463937 0.5604569390624999
26 0.27432029375 0.45065881250000006 0.3283831734375 0.3650579765625 0.2688933359375 0.3292440625 0.21377618437499998 0.41654945000000004 0.27432029375 0.45065881250000006
40 0.3723357734375 0.608618875 0.3202122078125 0.696508765625 0.3791120171875 0.7296602765625 0.43258486874999996 0.6413970375 0.4053910140625 0.6220777828124999 0.3723357734375 0.608618875
13 0.49961020625 0.7952166 0.5536730875 0.7096157640625 0.498526121875 0.6740130062499999 0.44340897031250004 0.76131839375 0.49961020625 0.7952166