19 0.525390625 0.4873046875 0.505859375 0.3583984375 0.4833984375 0.357421875 0.4091796875 0.3671875 0.40625 0.3857421875 0.421875 0.5087890625 0.5224609375 0.498046875 0.525390625 0.4873046875
22 0.55078125 0.3349609375 0.533203125 0.2158203125 0.5244140625 0.212890625 0.4345703125 0.224609375 0.44921875 0.3583984375 0.4580078125 0.361328125 0.5478515625 0.3515625 0.55078125 0.3349609375
24 0.3818359375 0.69140625 0.3828125 0.6494140625 0.37109375 0.5439453125 0.3623046875 0.5390625 0.2685546875 0.548828125 0.265625 0.5771484375 0.275390625 0.6982421875 0.3037109375 0.701171875 0.3818359375 0.69140625
17 0.7021484375 0.638671875 0.70703125 0.6279296875 0.689453125 0.4912109375 0.6767578125 0.48828125 0.5908203125 0.49609375 0.587890625 0.5185546875 0.599609375 0.6416015625 0.6298828125 0.64453125 0.7021484375 0.638671875
7 0.5966796875 0.64453125 0.599609375 0.6396484375 0.5859375 0.4990234375 0.4853515625 0.50390625 0.482421875 0.5205078125 0.494140625 0.6494140625 0.5126953125 0.65234375 0.5966796875 0.64453125
9 0.4912109375 0.65234375 0.47265625 0.5087890625 0.4619140625 0.505859375 0.3720703125 0.517578125 0.369140625 0.5283203125 0.38671875 0.6650390625 0.4052734375 0.666015625 0.4912109375 0.65234375
1 0.6279296875 0.48828125 0.609375 0.3486328125 0.5966796875 0.345703125 0.5107421875 0.357421875 0.5078125 0.3642578125 0.52734375 0.4970703125 0.5537109375 0.498046875 0.6279296875 0.48828125
28 0.4443359375 0.361328125 0.4296875 0.2275390625 0.4169921875 0.224609375 0.3310546875 0.234375 0.328125 0.2470703125 0.34375 0.3720703125 0.3837890625 0.373046875 0.4443359375 0.361328125
31 0.3974609375 0.513671875 0.3984375 0.4931640625 0.375 0.3740234375 0.3564453125 0.373046875 0.2763671875 0.38671875 0.2734375 0.3994140625 0.296875 0.5302734375 0.3095703125 0.53125 0.3974609375 0.513671875
47 0.7294921875 0.478515625 0.732421875 0.4658203125 0.712890625 0.3408203125 0.7041015625 0.3359375 0.61328125 0.3466796875 0.611328125 0.3564453125 0.630859375 0.4873046875 0.6396484375 0.490234375 0.7294921875 0.478515625
43 0.5263671875 0.806640625 0.5078125 0.6572265625 0.4892578125 0.654296875 0.4052734375 0.666015625 0.40234375 0.6845703125 0.419921875 0.8193359375 0.4306640625 0.822265625 0.5263671875 0.806640625