13 0.0966796875 0.439453125 0.0419921875 0.455078125 0.0390625 0.4638671875 0.0576171875 0.5234375 0.1171875 0.5029296875 0.0966796875 0.439453125
18 0.1669921875 0.4140625 0.1162109375 0.4296875 0.111328125 0.4365234375 0.1318359375 0.49609375 0.1875 0.4755859375 0.1669921875 0.4140625
19 0.2578125 0.4521484375 0.2333984375 0.39453125 0.1826171875 0.41015625 0.181640625 0.4189453125 0.19921875 0.4658203125 0.2060546875 0.47265625 0.2578125 0.4521484375
20 0.32421875 0.4287109375 0.2958984375 0.373046875 0.2490234375 0.388671875 0.248046875 0.3994140625 0.2724609375 0.44921875 0.3154296875 0.435546875 0.32421875 0.4287109375
21 0.3642578125 0.3515625 0.3212890625 0.3671875 0.318359375 0.3740234375 0.3466796875 0.42578125 0.396484375 0.4072265625 0.3642578125 0.3515625
22 0.451171875 0.3818359375 0.4248046875 0.333984375 0.3798828125 0.345703125 0.376953125 0.3505859375 0.4033203125 0.404296875 0.451171875 0.3896484375 0.451171875 0.3818359375
23 0.51171875 0.3642578125 0.4794921875 0.314453125 0.4365234375 0.328125 0.435546875 0.3349609375 0.4658203125 0.3828125 0.5029296875 0.37109375 0.51171875 0.3642578125
24 0.5341796875 0.29296875 0.4951171875 0.306640625 0.4921875 0.3134765625 0.5263671875 0.359375 0.5703125 0.3408203125 0.5341796875 0.29296875
25 0.5908203125 0.27734375 0.5498046875 0.2890625 0.55078125 0.2998046875 0.5810546875 0.33984375 0.625 0.3232421875 0.5908203125 0.27734375
14 0.6416015625 0.26171875 0.6025390625 0.2734375 0.6015625 0.2802734375 0.6357421875 0.32421875 0.677734375 0.3076171875 0.6416015625 0.26171875
15 0.724609375 0.2919921875 0.6865234375 0.24609375 0.6494140625 0.259765625 0.6484375 0.2646484375 0.66015625 0.2802734375 0.6865234375 0.30859375 0.724609375 0.2919921875
16 0.76953125 0.2763671875 0.7314453125 0.232421875 0.6962890625 0.244140625 0.6953125 0.2529296875 0.7294921875 0.291015625 0.7548828125 0.28515625 0.76953125 0.2763671875
17 0.7802734375 0.21875 0.7451171875 0.228515625 0.7421875 0.2373046875 0.7783203125 0.275390625 0.818359375 0.2607421875 0.7802734375 0.21875
40 0.1181640625 0.51171875 0.0595703125 0.53125 0.056640625 0.5341796875 0.0751953125 0.60546875 0.138671875 0.5830078125 0.1181640625 0.51171875
45 0.1865234375 0.486328125 0.1337890625 0.505859375 0.130859375 0.5146484375 0.1572265625 0.576171875 0.21484375 0.5498046875 0.1865234375 0.486328125
46 0.2607421875 0.4609375 0.2080078125 0.4765625 0.205078125 0.4833984375 0.2314453125 0.546875 0.287109375 0.5244140625 0.2607421875 0.4609375
47 0.3310546875 0.4375 0.2802734375 0.453125 0.27734375 0.4599609375 0.3056640625 0.521484375 0.359375 0.5009765625 0.3310546875 0.4375
48 0.3955078125 0.416015625 0.3447265625 0.431640625 0.3740234375 0.49609375 0.423828125 0.4775390625 0.423828125 0.4697265625 0.3955078125 0.416015625
49 0.490234375 0.4560546875 0.4580078125 0.3984375 0.4111328125 0.4140625 0.41015625 0.4208984375 0.4384765625 0.474609375 0.4638671875 0.46875 0.490234375 0.4560546875
50 0.552734375 0.4228515625 0.5185546875 0.373046875 0.4755859375 0.38671875 0.47265625 0.3935546875 0.5048828125 0.447265625 0.552734375 0.4287109375 0.552734375 0.4228515625
51 0.5791015625 0.34765625 0.5341796875 0.36328125 0.5390625 0.3779296875 0.5693359375 0.419921875 0.615234375 0.3994140625 0.5791015625 0.34765625
52 0.66796875 0.3759765625 0.6318359375 0.330078125 0.5888671875 0.34375 0.595703125 0.3623046875 0.6240234375 0.400390625 0.66796875 0.3818359375 0.66796875 0.3759765625
41 0.720703125 0.3623046875 0.71484375 0.3505859375 0.6806640625 0.314453125 0.6416015625 0.328125 0.642578125 0.3388671875 0.6767578125 0.380859375 0.6845703125 0.380859375 0.720703125 0.3623046875
42 0.7275390625 0.296875 0.6904296875 0.30859375 0.689453125 0.3193359375 0.7255859375 0.36328125 0.767578125 0.3447265625 0.7275390625 0.296875
43 0.81640625 0.3271484375 0.7763671875 0.283203125 0.7373046875 0.294921875 0.736328125 0.3017578125 0.7744140625 0.345703125 0.8056640625 0.3359375 0.81640625 0.3271484375
44 0.8173828125 0.265625 0.7841796875 0.27734375 0.78125 0.2841796875 0.8193359375 0.328125 0.859375 0.3134765625 0.8173828125 0.265625
27 0.169921875 0.6787109375 0.1455078125 0.6015625 0.0849609375 0.623046875 0.080078125 0.6298828125 0.09765625 0.6962890625 0.1044921875 0.70703125 0.169921875 0.6787109375
32 0.2216796875 0.568359375 0.1650390625 0.58984375 0.162109375 0.5986328125 0.1884765625 0.669921875 0.25 0.6435546875 0.2216796875 0.568359375
33 0.2958984375 0.537109375 0.2412109375 0.55859375 0.23828125 0.5654296875 0.2685546875 0.634765625 0.328125 0.6083984375 0.2958984375 0.537109375
34 0.400390625 0.5712890625 0.3681640625 0.509765625 0.3154296875 0.529296875 0.318359375 0.5458984375 0.3447265625 0.6015625 0.400390625 0.5791015625 0.400390625 0.5712890625
35 0.466796875 0.5400390625 0.4345703125 0.482421875 0.3857421875 0.5 0.3828125 0.5068359375 0.4130859375 0.5703125 0.466796875 0.5498046875 0.466796875 0.5400390625
36 0.53515625 0.5166015625 0.4951171875 0.458984375 0.4521484375 0.4765625 0.447265625 0.4833984375 0.4853515625 0.544921875 0.53515625 0.5224609375 0.53515625 0.5166015625
37 0.595703125 0.4892578125 0.5595703125 0.435546875 0.5146484375 0.451171875 0.51171875 0.4580078125 0.5478515625 0.517578125 0.595703125 0.4970703125 0.595703125 0.4892578125
38 0.6142578125 0.4140625 0.5712890625 0.431640625 0.5703125 0.4404296875 0.6083984375 0.494140625 0.65625 0.4716796875 0.6142578125 0.4140625
39 0.6748046875 0.39453125 0.6298828125 0.41015625 0.62890625 0.4169921875 0.6669921875 0.470703125 0.71484375 0.4501953125 0.6748046875 0.39453125
28 0.76171875 0.4189453125 0.7216796875 0.375 0.6806640625 0.390625 0.6796875 0.3974609375 0.7216796875 0.44921875 0.765625 0.4287109375 0.76171875 0.4189453125
29 0.7705078125 0.353515625 0.7353515625 0.3671875 0.73046875 0.3740234375 0.7744140625 0.42578125 0.81640625 0.4052734375 0.7705078125 0.353515625
30 0.8671875 0.3857421875 0.8212890625 0.337890625 0.7822265625 0.3515625 0.78125 0.3583984375 0.8232421875 0.40625 0.8603515625 0.392578125 0.8671875 0.3857421875
31 0.8701171875 0.3203125 0.8330078125 0.33203125 0.830078125 0.3408203125 0.8720703125 0.38671875 0.9140625 0.3701171875 0.8701171875 0.3203125
0 0.197265625 0.7880859375 0.1728515625 0.69921875 0.1064453125 0.724609375 0.103515625 0.7294921875 0.1259765625 0.818359375 0.1435546875 0.814453125 0.197265625 0.7880859375
5 0.2548828125 0.662109375 0.1943359375 0.6875 0.201171875 0.7236328125 0.2197265625 0.77734375 0.287109375 0.7470703125 0.2548828125 0.662109375
6 0.3291015625 0.62890625 0.2705078125 0.654296875 0.287109375 0.7099609375 0.3017578125 0.740234375 0.36328125 0.7119140625 0.3291015625 0.62890625
7 0.4013671875 0.59765625 0.3447265625 0.62109375 0.34375 0.6279296875 0.3779296875 0.703125 0.4375 0.6748046875 0.4013671875 0.59765625
8 0.509765625 0.6357421875 0.4736328125 0.568359375 0.4208984375 0.58984375 0.419921875 0.5986328125 0.4541015625 0.669921875 0.509765625 0.6435546875 0.509765625 0.6357421875
9 0.578125 0.6005859375 0.5400390625 0.5390625 0.4912109375 0.560546875 0.48828125 0.5673828125 0.5283203125 0.63671875 0.580078125 0.6123046875 0.578125 0.6005859375
10 0.6005859375 0.607421875 0.646484375 0.5830078125 0.6025390625 0.515625 0.5556640625 0.53515625 0.552734375 0.5400390625 0.55859375 0.5517578125 0.5927734375 0.607421875 0.6005859375 0.607421875
11 0.705078125 0.5556640625 0.6611328125 0.490234375 0.6162109375 0.5078125 0.615234375 0.5205078125 0.6533203125 0.578125 0.6611328125 0.578125 0.705078125 0.5556640625
12 0.763671875 0.5244140625 0.7197265625 0.466796875 0.6767578125 0.482421875 0.671875 0.4912109375 0.7138671875 0.55078125 0.763671875 0.5302734375 0.763671875 0.5244140625
1 0.7744140625 0.443359375 0.7314453125 0.458984375 0.7265625 0.4658203125 0.7724609375 0.525390625 0.8203125 0.5029296875 0.7744140625 0.443359375
2 0.8251953125 0.419921875 0.7861328125 0.435546875 0.783203125 0.4443359375 0.8291015625 0.5 0.873046875 0.4775390625 0.8251953125 0.419921875
3 0.923828125 0.4560546875 0.8759765625 0.400390625 0.8369140625 0.4140625 0.83203125 0.4189453125 0.833984375 0.4248046875 0.8798828125 0.4765625 0.923828125 0.4560546875
4 0.9248046875 0.380859375 0.8876953125 0.392578125 0.8828125 0.4033203125 0.9287109375 0.453125 0.97265625 0.4345703125 0.9248046875 0.380859375
26 0.7021484375 0.607421875 0.6533203125 0.630859375 0.65234375 0.6416015625 0.6982421875 0.712890625 0.75390625 0.6845703125 0.7021484375 0.607421875
26 0.673828125 0.7197265625 0.6259765625 0.638671875 0.5732421875 0.662109375 0.5703125 0.6669921875 0.6142578125 0.748046875 0.6220703125 0.748046875 0.673828125 0.7197265625