0 0.801053034375 0.3995692859375 0.751597046875 0.420256421875 0.7634373875 0.4670465703125 0.7690590937499999 0.483325559375 0.7750829015625 0.48691357343749997 0.8215121796875 0.46726201093749997 0.801053034375 0.3995692859375
7 0.48829052968750003 0.571229396875 0.47421523906249996 0.5666301375 0.44682680625 0.6042460984375 0.44979429375 0.6145288453125 0.5040085609375 0.6468209703125 0.5341104328124999 0.60388293125 0.48829052968750003 0.571229396875
5 0.49604891406249996 0.307464228125 0.5011032984375 0.3038518859375 0.5114785640624999 0.24569476093749998 0.5095397187499999 0.23129404999999997 0.46556982968750005 0.23001870625 0.46051544375000003 0.23363104843750002 0.44976768749999996 0.29881998906249996 0.456104765625 0.30669450781249996 0.49604891406249996 0.307464228125
4 0.556346209375 0.3320260453125 0.5512918234375 0.3356383875 0.5525745171875001 0.3471252484375 0.5604483359375 0.3820914546875 0.6337455046875 0.3601515484375 0.625274753125 0.3109531703125 0.556346209375 0.3320260453125
18 0.215776003125 0.4931149828125 0.210065465625 0.49381347499999995 0.1637717953125 0.5517065046875 0.1664260125 0.5577027453125 0.20222597812499998 0.5806034828125 0.2505473234375 0.5201336859375 0.215776003125 0.4931149828125
20 0.4139398296875 0.7303618015625 0.41912982187500003 0.7649909265625 0.4920544984375 0.750082834375 0.48795236875 0.7000174265625 0.41739825 0.71097609375 0.4139398296875 0.7303618015625
22 0.59262938125 0.5192109687500001 0.599444946875 0.5639542984375 0.67405441875 0.54784209375 0.6682674953125 0.4989807984375 0.5943437874999999 0.5123476953125 0.59262938125 0.5192109687500001
23 0.21414270468750002 0.6769534187499999 0.21995923906249998 0.7201555546875 0.2693560046875 0.7107867390625 0.26537231875 0.6380846890625 0.21429075625 0.6486576187499999 0.21414270468750002 0.6769534187499999
14 0.40057046874999996 0.46252732500000004 0.372567940625 0.42503300624999996 0.3119153171875 0.46838111250000003 0.34057400000000004 0.50878928125 0.40057046874999996 0.46252732500000004
15 0.6464368265625 0.43677869375 0.6474062484374999 0.4439790484375 0.6882605984375 0.4632674453125 0.7299019859375 0.3962957828125 0.6870495703125 0.3739249953125 0.6464368265625 0.43677869375
16 0.6341476078125 0.3474605734375 0.637085484375 0.36340248124999996 0.6874812828125 0.3555748609375 0.688865253125 0.28354697500000003 0.6374704203125 0.2898333984375 0.6341476078125 0.3474605734375
17 0.3407439390625 0.668786959375 0.40995614375 0.657659753125 0.4112216703125 0.6082685062500001 0.4051978640625 0.60468049375 0.3386694859375 0.6161447828125 0.3345845234375 0.6269574812500001 0.3354651140625 0.6511353171875001 0.33671819687500004 0.6682813375000001 0.3407439390625 0.668786959375
34 0.307847521875 0.5400719171875 0.30013891875 0.5376880171875 0.2508481484375 0.590957459375 0.2528166046875 0.599699009375 0.285246978125 0.625007975 0.3365654234375 0.569161765625 0.307847521875 0.5400719171875
31 0.4213085546875 0.412750340625 0.4128845796875 0.41877091093749996 0.413854003125 0.42597126718749995 0.4357142828125 0.48251421250000004 0.4841712359375 0.46028588125000003 0.461341534375 0.3965425796875 0.4213085546875 0.412750340625
44 0.5062263453125 0.543751971875 0.472288840625 0.485692159375 0.427828015625 0.5140852734375 0.4627645546875 0.5736862828125 0.5062263453125 0.543751971875