19 0.3154296875 0.466796875 0.3203125 0.4599609375 0.31640625 0.3388671875 0.3037109375 0.333984375 0.2255859375 0.3359375 0.22265625 0.3642578125 0.2265625 0.4619140625 0.2314453125 0.466796875 0.3154296875 0.466796875
16 0.3173828125 0.3359375 0.3203125 0.4638671875 0.4091796875 0.466796875 0.41015625 0.3369140625 0.3173828125 0.3359375
17 0.50390625 0.3369140625 0.412109375 0.3369140625 0.4140625 0.4638671875 0.5009765625 0.466796875 0.505859375 0.4521484375 0.50390625 0.3369140625
7 0.6572265625 0.33203125 0.568359375 0.3349609375 0.56640625 0.4638671875 0.6591796875 0.46484375 0.6640625 0.3369140625 0.6572265625 0.33203125
12 0.76171875 0.3330078125 0.6689453125 0.33203125 0.6640625 0.3564453125 0.662109375 0.4619140625 0.6669921875 0.466796875 0.7568359375 0.46484375 0.76171875 0.3330078125
3 0.861328125 0.3349609375 0.8447265625 0.330078125 0.763671875 0.3330078125 0.759765625 0.4638671875 0.8505859375 0.466796875 0.85546875 0.4580078125 0.861328125 0.3349609375
34 0.298828125 0.4716796875 0.2060546875 0.46875 0.203125 0.5107421875 0.208984375 0.5966796875 0.2998046875 0.59765625 0.298828125 0.4716796875
37 0.396484375 0.5908203125 0.39453125 0.4716796875 0.3017578125 0.46875 0.298828125 0.5048828125 0.302734375 0.5966796875 0.3916015625 0.599609375 0.396484375 0.5908203125
40 0.4072265625 0.46875 0.408203125 0.5966796875 0.4970703125 0.599609375 0.5 0.4697265625 0.4072265625 0.46875
46 0.5029296875 0.46875 0.501953125 0.5986328125 0.5927734375 0.599609375 0.59375 0.4697265625 0.5029296875 0.46875
49 0.6171875 0.4697265625 0.615234375 0.5986328125 0.7080078125 0.6015625 0.712890625 0.4697265625 0.6171875 0.4697265625
52 0.82421875 0.4697265625 0.7666015625 0.466796875 0.7265625 0.4716796875 0.724609375 0.5986328125 0.8173828125 0.6015625 0.822265625 0.5771484375 0.82421875 0.4697265625
41 0.826171875 0.4697265625 0.8203125 0.5986328125 0.9130859375 0.6015625 0.921875 0.4697265625 0.826171875 0.4697265625