22 0.0991180828125 0.5214409828125001 0.0209643140625 0.57010068125 0.058158685937499996 0.65381604375 0.0642895734375 0.6648484484375 0.0701932078125 0.6661470031250001 0.12327966093750001 0.6339236296874999 0.1473024375 0.6146751859374999 0.0991180828125 0.5214409828125001
20 0.5563771187500001 0.6103983328125 0.6238136078125 0.563900415625 0.560007425 0.4723947875 0.49152639843749996 0.5160805875000001 0.5484753062500001 0.60736908125 0.5563771187500001 0.6103983328125
34 0.357426078125 0.6421715171875 0.341122496875 0.614698540625 0.3361725015625 0.6123185640625 0.2600623609375 0.6646557328125 0.3133330640625 0.76611021875 0.318328509375 0.770436965625 0.3231876046875 0.7689233984375 0.396345928125 0.7159369546875001 0.357426078125 0.6421715171875
36 0.1792700296875 0.47451198281250007 0.224366215625 0.5612565968750001 0.2341753078125 0.5621230078125 0.3017026953125 0.5195186296875 0.283173684375 0.48058110468750004 0.249703784375 0.43061011093749996 0.1792700296875 0.47451198281250007
29 0.8283963984374999 0.563708759375 0.8311664140625 0.5565709562500001 0.7685411249999999 0.47371775937500005 0.7595947703125 0.4678763859375 0.6959728390625 0.510048621875 0.6951555515625001 0.516970353125 0.7578717421875 0.6037170890625 0.7628671890625001 0.6080438359375 0.767726284375 0.606530271875 0.8283963984374999 0.563708759375
7 0.41823172499999994 0.563226721875 0.47531698437500003 0.660355525 0.483127896875 0.6594912374999999 0.550564384375 0.61299331875 0.490572759375 0.517162009375 0.4692745484375 0.5273258796875 0.41823172499999994 0.563226721875
9 0.1763636625 0.475809475 0.10202445 0.520143490625 0.145213359375 0.6090509453124999 0.1502542546875 0.6153244625000001 0.15316062187499999 0.6140269703125 0.224502565625 0.5670969078125 0.22227713593749998 0.5556323578125 0.1763636625 0.475809475
2 0.8966501734375001 0.510289109375 0.830119425 0.42786805625 0.8232621515625 0.4276509234375 0.7664520453125 0.4680935203125 0.825126428125 0.5494320921875 0.8341636828125001 0.559167003125 0.83707005 0.5578695109375 0.891972878125 0.51958975625 0.8966501734375001 0.510289109375
47 0.36900528125 0.59307118125 0.341122496875 0.614698540625 0.390169590625 0.7029577796875001 0.3982986546875 0.715720884375 0.40415684062499996 0.71507266875 0.47540788437500003 0.664249065625 0.4172780875 0.56430814375 0.36900528125 0.59307118125
41 0.4243568984375 0.2805139734375 0.371270446875 0.3127373453125 0.4140503015625 0.3841238703125 0.421089378125 0.392128084375 0.4279012015625 0.3903984484375 0.4877085765625 0.3525518984375 0.437980546875 0.2770547 0.4243568984375 0.2805139734375
42 0.44084146406249997 0.2738104359375 0.44306689375 0.285274984375 0.455101415625 0.2976059453125 0.487663128125 0.3506051265625 0.4935667625 0.35190368125 0.5533741375 0.31405713125 0.4997861 0.240938846875 0.44084146406249997 0.2738104359375
43 0.5026924687500001 0.23964135468749997 0.5513305078124999 0.3103796640625 0.5611396 0.3112460734375 0.615134240625 0.275994509375 0.5616371046874999 0.2067697640625 0.549966184375 0.210012965625 0.5026924687500001 0.23964135468749997
44 0.618994246875 0.2736155953125 0.674941615625 0.238147959375 0.6728070859375 0.23057694999999997 0.617539021875 0.1693553578125 0.5625452937500001 0.20374157343750002 0.618994246875 0.2736155953125
26 0.8917886296875001 0.3859118953125 0.8829786265624999 0.3859108328125 0.8280757968750001 0.42419058749999994 0.8966501734375001 0.510289109375 0.9025538093750001 0.5115876640625 0.9594093671874999 0.4730918359375 0.9602266546875 0.4661701046875 0.8917886296875001 0.3859118953125