13 0.2545089375 0.26078362187500004 0.28096281562500003 0.20860028281249998 0.280282571875 0.20280535937500002 0.240072665625 0.1882645671875 0.213392040625 0.23851626406249998 0.21213233125 0.2446056203125 0.21754908125 0.24869864062499997 0.2545089375 0.26078362187500004
18 0.33172908125 0.22055587499999998 0.295625825 0.207357859375 0.2825500515625 0.22212176874999998 0.2638055890625 0.2642877765625 0.3059554453125 0.2785341375 0.33240932500000003 0.2263508 0.33172908125 0.22055587499999998
19 0.38146238593750004 0.2405324671875 0.3453591296875 0.2273344484375 0.33719621875 0.233488496875 0.3157055921875 0.285901575 0.3578554515625 0.3001479359375 0.3776832625 0.25880053125 0.38146238593750004 0.2405324671875
20 0.36669860625 0.29978880937499996 0.368688946875 0.3083339765625 0.407815503125 0.322056165625 0.433362390625 0.26214626406249997 0.3912125328125 0.247899903125 0.36669860625 0.29978880937499996
21 0.43127128125 0.311615015625 0.4260057 0.3340407953125 0.46792881093750005 0.346355515625 0.49130899843750003 0.2848084046875 0.44744593593750004 0.2727881171875 0.43127128125 0.311615015625
22 0.47757817812500003 0.3360437515625 0.475285509375 0.350154103125 0.5157221640625 0.3666265375 0.5453757015625 0.3080594125 0.5027723484375 0.28994976875 0.47757817812500003 0.3360437515625
23 0.5348445421875 0.3529109703125 0.5288987171875 0.36954182812499997 0.573215275 0.385425396875 0.5965954640625 0.32387828750000003 0.55638555625 0.30933749375 0.5348445421875 0.3529109703125
24 0.6063959999999999 0.3400853234375 0.5887852765625 0.3919095375 0.6348150375 0.4055670328125 0.656028525 0.3423827140625 0.6160453671874999 0.3297735625 0.6063959999999999 0.3400853234375
25 0.6500575125 0.3924403296875 0.644565184375 0.41293447031249997 0.6888817421875 0.42881803906249993 0.71203518125 0.3653392875 0.6679453718749999 0.351387359375 0.6500575125 0.3924403296875
14 0.72783193125 0.37375506718749996 0.7220120765625 0.37463836562499997 0.716469359375 0.38629290312500003 0.6986318875 0.436185475 0.744888396875 0.45177461250000006 0.768268584375 0.39022750156249997 0.72783193125 0.37375506718749996
15 0.7711155265625 0.3976596328125 0.7505318921875 0.4577992734375 0.7987283515625 0.4730939765625 0.8199418421875 0.40990965937499996 0.7775652359375 0.39373165781249997 0.7711155265625 0.3976596328125
16 0.8232422796875 0.42120507187499995 0.8043718484375001 0.47911863906249996 0.8506283578125 0.4947077765625 0.8737817984375 0.4312290234375 0.8314051921875001 0.415051021875 0.8232422796875 0.42120507187499995
17 0.8826753421875001 0.4397094984375 0.86231845625 0.5017807796875 0.9088017125000001 0.5193015578125 0.9317284046875001 0.453891165625 0.8893517984375 0.43771316406249994 0.8826753421875001 0.4397094984375
40 0.24679952031250002 0.2708009515625 0.20636286718750002 0.2543285171875 0.17945549375 0.302648575 0.1767093296875 0.31289564375 0.1821260765625 0.316988665625 0.219085934375 0.329073646875 0.24679952031250002 0.2708009515625
45 0.2498732109375 0.2801647234375 0.2286093328125 0.3345094421875 0.2726991421875 0.3484613703125 0.29607933124999997 0.2869142609375 0.25803612343750004 0.274010675 0.2498732109375 0.2801647234375
46 0.3499192859375 0.308233625 0.3097093796875 0.29369283125 0.28325550312500003 0.34587617187499997 0.285472590625 0.356352978125 0.3243724 0.3681435265625 0.3461401625 0.326501690625 0.3499192859375 0.308233625
47 0.3353822546875 0.369421609375 0.33543264375000004 0.378261209375 0.3767259 0.39362060625 0.4042127375 0.3334162734375 0.36183613124999997 0.31723827187500003 0.3353822546875 0.369421609375
48 0.45805269531250004 0.35473563750000003 0.41373613750000005 0.33885206874999996 0.390708665625 0.386583259375 0.3879625015625 0.3968303296875 0.39554595 0.402560559375 0.43056585625 0.4149399734375 0.45805269531250004 0.35473563750000003
49 0.44283541875 0.4101286984375 0.43837605 0.42260184218749997 0.4809794046875 0.44071148437499996 0.5082394953125 0.378575509375 0.46586288906249995 0.3623975078125 0.44283541875 0.4101286984375
50 0.5042084328125 0.42833869375000005 0.5002025609375 0.4446751171875 0.5442923703125 0.45862704687500006 0.5676725578124999 0.3970799359375 0.5235827484375 0.3831280078125 0.5042084328125 0.42833869375000005
51 0.56878110625 0.44016489999999997 0.5618023234375 0.46481675312500004 0.6058921328125 0.47876868124999994 0.6292723203125 0.41722157187500003 0.5868957140625 0.40104357031250004 0.56878110625 0.44016489999999997
52 0.6194214031249999 0.467868053125 0.6134755796875 0.48449891093749997 0.6599588359374999 0.5020196875 0.685278975 0.44017814531250005 0.6407356703125 0.42236293593749996 0.6194214031249999 0.467868053125
41 0.7369522328125 0.45986030156249996 0.690922471875 0.44620280625 0.6705151953125 0.4994344875 0.6697089843749999 0.509387125 0.67512573125 0.5134801453125 0.7159654921875 0.5249762609374999 0.7369522328125 0.45986030156249996
42 0.7281342765625001 0.5024857875000001 0.719215540625 0.5274320734375 0.7676387484375 0.5446584171875 0.7907921890625 0.48117966718750005 0.7462488828125 0.46336445781249996 0.7281342765625001 0.5024857875000001
43 0.7762551546875 0.5423676515625 0.7786989921874999 0.5547761 0.8219322 0.569841065625 0.8448588921875 0.5044306734374999 0.7983756359374999 0.486909896875 0.7762551546875 0.5423676515625
44 0.8360409359375 0.5470561609375 0.8292889000000001 0.573639653125 0.87577215625 0.59116043125 0.8986988484375 0.5257500390625001 0.8522155921874999 0.5082292625 0.8360409359375 0.5470561609375
27 0.13957312187499998 0.38341174218749996 0.1396235109375 0.392251340625 0.1809167671875 0.4076107390625 0.2103435578125 0.347111971875 0.16602699999999998 0.331228403125 0.13957312187499998 0.38341174218749996
32 0.193413078125 0.40473110781250005 0.19540341875 0.41327627343750006 0.23646992656250002 0.42670403125 0.2637300171875 0.36456805625 0.219640209375 0.350616128125 0.193413078125 0.40473110781250005
33 0.26622424375 0.3858161046875 0.2477065296875 0.42991375468750004 0.2920230875 0.4457973234375 0.31734322656249997 0.38395578124999996 0.27907327187500003 0.3691205546875 0.26622424375 0.3858161046875
34 0.3047461453125 0.44484933125000004 0.304796534375 0.45368893125 0.34780299375 0.46682225624999996 0.373123134375 0.4049807140625 0.33097327499999996 0.3907343515625 0.3047461453125 0.44484933125000004
35 0.4289030421875 0.42600564687500003 0.384586484375 0.41012207656250005 0.3585861015625 0.4661686984375 0.3570996453125 0.47032641249999996 0.3625163953125 0.47441943281250004 0.40164295 0.488141621875 0.4289030421875 0.42600564687500003
36 0.4220250375 0.4683366984375 0.413559796875 0.4971462671875 0.4557096546875 0.5113926281250001 0.48080304687500003 0.44761944375 0.43671323749999996 0.433667515625 0.4220250375 0.4683366984375
37 0.4684327125 0.5104446359375 0.4704230546875 0.5189898046875 0.5134295140625 0.5321231281250001 0.5365829546875001 0.4686443765625 0.4924931453125 0.4546924484375 0.4684327125 0.5104446359375
38 0.5390771796875 0.48989242656250004 0.5212397078125 0.539784996875 0.5655562656249999 0.5556685671875 0.5906496578125 0.4918953828125 0.550213003125 0.47542295 0.5390771796875 0.48989242656250004
39 0.5812522359375001 0.546405146875 0.5772463640625001 0.562741571875 0.62178966875 0.58055678125 0.6466563125 0.51485195625 0.6023397546875 0.4989683875 0.5812522359375001 0.546405146875
28 0.65144320625 0.5219896546875 0.6310863203125 0.5840609375 0.6775695765624999 0.6015817140624999 0.7002695203125 0.53423968125 0.6559529640624999 0.5183561125 0.65144320625 0.5219896546875
29 0.715612775 0.5387921796875 0.70893631875 0.5407885140625 0.7029904953125 0.5574193703125 0.6890329265624999 0.606723078125 0.7372293875 0.6220177828125 0.7579893796875 0.5549701812500001 0.715612775 0.5387921796875
30 0.7696794796875001 0.5620431859374999 0.76322976875 0.5659711609375 0.757283946875 0.5826020187500001 0.74309963125 0.629974084375 0.7915228390625 0.6472004296875 0.8142227828124999 0.579858396875 0.7696794796875001 0.5620431859374999
31 0.8211763781249999 0.5886333015625 0.7991062859375 0.6529306578125 0.8477562421875 0.67208864375 0.8723961375 0.6044521765625 0.8297927843749999 0.5863425359375001 0.8211763781249999 0.5886333015625
0 0.10860948749999999 0.43922862343749997 0.0977508 0.4644693421875 0.140354153125 0.482578984375 0.1717208953125 0.42178578437500003 0.129117540625 0.40367614218750003 0.10860948749999999 0.43922862343749997
5 0.2255608515625 0.4431051484375 0.1848974484375 0.42470107500000004 0.154790415625 0.47940491874999996 0.15375745624999998 0.487425915625 0.159174203125 0.49151893593749996 0.1963608078125 0.5055355578125 0.2255608515625 0.4431051484375
6 0.27917405781250004 0.46249287343749995 0.23657070624999998 0.4443832328125 0.2066904203125 0.5010187171875 0.20543071093749998 0.5071080718750001 0.2108474609375 0.5112010921875 0.2499740171875 0.52492328125 0.27917405781250004 0.46249287343749995
7 0.2637300359375 0.5159542953125 0.25927066875000004 0.5284274375 0.3038139734375 0.546242646875 0.33278726718749996 0.48188059843750003 0.28847070937499997 0.46599702968749995 0.2637300359375 0.5159542953125
8 0.3337950375 0.5072863625 0.315504071875 0.5533156515625001 0.359820628125 0.569199221875 0.38685397187500004 0.5051316046875 0.3464173171875 0.4886591703125 0.3337950375 0.5072863625
9 0.374256890625 0.56602515625 0.3725940765625 0.5770908296874999 0.41776723593750004 0.5918613625 0.444800578125 0.527793746875 0.40025727343749995 0.5099785359375 0.374256890625 0.56602515625
10 0.429583303125 0.5831868078125 0.42557743124999997 0.59952323125 0.47183393906250004 0.61511236875 0.49692733125000005 0.551339184375 0.45432397656249995 0.5332295421875 0.429583303125 0.5831868078125
11 0.48513646250000003 0.6022800984375001 0.4791906390625 0.6189109562499999 0.5256738953125 0.636431734375 0.5527072390625001 0.5723641171875 0.5079371859374999 0.5526172671875 0.48513646250000003 0.6022800984375001
12 0.53817020625 0.6335521015625 0.5384473437499999 0.6443233421875 0.5819072984375 0.6613199484375001 0.608487146875 0.5933890500000001 0.562003890625 0.575868271875 0.53817020625 0.6335521015625
1 0.664267053125 0.6144139828124999 0.6180105453125 0.598824846875 0.5941768609375 0.6565086765625 0.5944539984375 0.6672799171875 0.63985390625 0.6839820890625 0.6651740453125 0.622140546875 0.664267053125 0.6144139828124999
2 0.67510055 0.622600025 0.6534839546875 0.6907606625 0.6999672109375 0.7082814390625 0.724380359375 0.6387133328125 0.68805035625 0.6235836734375 0.67510055 0.622600025
3 0.7204752671875 0.6727289562500001 0.7073239109375 0.712080028125 0.75791381875 0.7309435796875 0.7803870140625 0.66166990625 0.7319638078125 0.6444435609375 0.7204752671875 0.6727289562500001
4 0.7890538125 0.6682187390625 0.76527051875 0.73474216875 0.8160871734375 0.7555373624999999 0.840500321875 0.68596925625 0.80200361875 0.6692023890625001 0.7890538125 0.6682187390625
26 0.417792434375 0.634127721875 0.37518908125 0.6160180796875 0.34553554375 0.67458520625 0.34256263124999997 0.6829006343749999 0.346039428125 0.6872880875 0.3892726359375 0.702353053125 0.417792434375 0.634127721875
26 0.4148951109375 0.6935491093749999 0.4076895796875 0.716269321875 0.4541728359375 0.7337901015625 0.48052593593750004 0.6639275625 0.4359826296875 0.6461123515625 0.4148951109375 0.6935491093749999