18 0.5024602328125 0.6431851421875 0.5084804875 0.6459811703125 0.54944070625 0.624226021875 0.5516559390625 0.6195648234375 0.5243142109375001 0.5619782828125001 0.5170980187499999 0.5608396109375 0.49584329531250004 0.5711993703125 0.4764910859375 0.585287740625 0.5024602328125 0.6431851421875
19 0.123074340625 0.53083926875 0.1160753609375 0.54212988125 0.148554125 0.595779990625 0.192572228125 0.565013309375 0.1583675953125 0.5089810781249999 0.123074340625 0.53083926875
20 0.1638173515625 0.49665483593750004 0.1580143078125 0.5062880953125 0.1904930734375 0.559938203125 0.23451117500000002 0.529171521875 0.1991106046875 0.47479664687499995 0.1638173515625 0.49665483593750004
21 0.24795302187499998 0.44848334375 0.24073683125 0.447344671875 0.22891353125 0.454181903125 0.20322834687500002 0.473864059375 0.23743298125 0.529896290625 0.2802551453125 0.5007869609375 0.24795302187499998 0.44848334375
22 0.2549520046875 0.43719272968749995 0.24795302187499998 0.44848334375 0.28282366406250004 0.4988187453125 0.324449890625 0.4713667703125 0.29024525625 0.41533454062499997 0.2549520046875 0.43719272968749995
23 0.29724423906249997 0.40404392656250004 0.29024525625 0.41533454062499997 0.3251158984375 0.4656699421875 0.3663888375 0.43552498437500003 0.3297923296875 0.3828074609375 0.29724423906249997 0.40404392656250004
25 0.544335 0.40215623437500003 0.511963553125 0.42473919374999997 0.543423025 0.481393146875 0.5865984765625 0.45497680156250003 0.5551390046875 0.3983228484375 0.544335 0.40215623437500003
14 0.5860685453125 0.4509373265625 0.590539575 0.452697725 0.6272054078125 0.430528671875 0.6290673546875001 0.42317448906250005 0.6000403234375 0.374288621875 0.59282413125 0.37314995 0.573118634375 0.3845453390625 0.5566882296875 0.3993584765625 0.5860685453125 0.4509373265625
15 0.60703930625 0.362998009375 0.5996870359375001 0.37159563906250004 0.6321658015625 0.4252457484375 0.675341253125 0.39882940312500004 0.6399406828124999 0.3444545265625 0.60703930625 0.362998009375
16 0.6543325 0.335649078125 0.64578429375 0.3459040625 0.676713834375 0.398518540625 0.7214385109375 0.3731378234375 0.6860379390625 0.318762946875 0.6543325 0.335649078125
17 0.7185860296875 0.29752648125 0.6898023953125 0.3151373796875 0.7228110921875001 0.37282696249999997 0.7647906046874999 0.3480679703125 0.7336844203124999 0.294107 0.7185860296875 0.29752648125
40 0.7861449328125001 0.834051821875 0.789515534375 0.8166504765625 0.78466503125 0.7581296171874999 0.782762521875 0.754401003125 0.7479180671875 0.75813308125 0.7316237375 0.7632099171875 0.7358488000000001 0.8385103984375 0.7861449328125001 0.834051821875
45 0.478216953125 0.5876698609375001 0.4735692796875 0.5845629734375 0.449392753125 0.5941979640625 0.42849131875 0.60725070625 0.4582654875 0.6726053328125 0.5041861015625 0.6455672625 0.478216953125 0.5876698609375001
48 0.075786290625 0.2781145046875 0.04066968125 0.3013191875 0.0717758671875 0.3552801578125 0.1137553796875 0.330521165625 0.08694358125 0.2769741 0.075786290625 0.2781145046875
49 0.133394125 0.25397550468749996 0.1283931640625 0.24817563437499998 0.12153025937499999 0.2497299453125 0.0864136515625 0.2729346265625 0.1147746734375 0.3275173203125 0.15795012656250002 0.301100975 0.133394125 0.25397550468749996
50 0.1318449 0.252939875 0.1581267703125 0.30244746562499997 0.2004595703125 0.2803814578125 0.2023215140625 0.273027275 0.1763929328125 0.22621266874999998 0.1703726796875 0.223416640625 0.1467260828125 0.23709110781249998 0.1337068453125 0.24558569375 0.1318449 0.252939875
51 0.469540384375 0.1875506046875 0.43843419843750003 0.1335896328125 0.407924696875 0.148818409375 0.3976506234375 0.156691271875 0.3985338390625 0.163423728125 0.426011646875 0.2112739671875 0.469540384375 0.1875506046875
52 0.469010453125 0.1835111296875 0.476226646875 0.1846498015625 0.510500603125 0.16579545625 0.5123625484375001 0.158441275 0.486433965625 0.1116266671875 0.47527667500000004 0.11276707187499999 0.452826015625 0.12478418437500001 0.4415326484375 0.1356608921875 0.469010453125 0.1835111296875
41 0.4910410734375 0.1036507609375 0.4848847421875 0.11059103749999999 0.514265059375 0.1621698875 0.5565978609375 0.140103878125 0.5254916749999999 0.0861429078125 0.4910410734375 0.1036507609375
27 0.6809049953125 0.8398620859375001 0.676679934375 0.76456160625 0.6316974828124999 0.7664302421875 0.6236386390625 0.7696419062500001 0.6263144781250001 0.8439067578125 0.6337073125 0.846391921875 0.6809049953125 0.8398620859375001
32 0.5635485625000001 0.5378410140625001 0.5253335046875 0.5589744375000001 0.5563036109375 0.6226717109375 0.59983235 0.5989483484375 0.570411465625 0.5362867046875001 0.5635485625000001 0.5378410140625001
0 0.73144709375 0.761863425 0.725250196875 0.7577209093749999 0.6876605812500001 0.762074709375 0.6784058015625 0.7669437265625 0.6822775765625 0.8395512249999999 0.7353188703125 0.8344709234375 0.73144709375 0.761863425
2 0.6889546015625 0.5995614109375 0.6506034671875 0.6304311359375 0.6922009359375 0.68894853125 0.73586575 0.655488865625 0.6977200171875 0.6017357140625 0.6889546015625 0.5995614109375
3 0.732796059375 0.5674482375000001 0.6956408625 0.596660609375 0.73723833125 0.6551780046875 0.7797072093749999 0.6233756921875 0.7415614765625 0.569622540625 0.732796059375 0.5674482375000001
4 0.82199944375 0.5902268890625 0.784206996875 0.5391667203125 0.7766375187500001 0.5353350640625 0.739482321875 0.5645474359375 0.779530565625 0.6220292015625 0.7863934703125001 0.6204748906249999 0.82199944375 0.5902268890625