40 0.4251724859375 0.4269660296875 0.42372720937499997 0.4341969703125 0.4533477421875 0.4760008296875 0.4837534625 0.45582072656249994 0.453320278125 0.41016601406250003 0.4251724859375 0.4269660296875
45 0.45824245625 0.40533126406250003 0.4563908546875 0.41063677812500005 0.4864177140625 0.4543660640625 0.516823434375 0.43418596093749995 0.48830185937500004 0.3882032828125 0.45824245625 0.40533126406250003
46 0.4913124265625 0.38369649843750003 0.4894608265625 0.3890020125 0.5194876859375 0.4327312984375 0.5518050140625 0.41222322812499995 0.52137183125 0.3665685171875 0.4913124265625 0.38369649843750003
49 0.71627713125 0.421913084375 0.6816144046875 0.3749888796875 0.6519613265624999 0.3940422875 0.6839598015624999 0.4424211546875 0.71627713125 0.421913084375
50 0.6884481890624999 0.3698261625 0.6901334984374999 0.3825054140625 0.7189413828125 0.420458421875 0.7512587109375 0.399950353125 0.7165959843749999 0.353026146875 0.6884481890624999 0.3698261625
52 0.52849549375 0.6396777046875 0.49916126875 0.589844175 0.46678393281249997 0.605374696875 0.49426655625000004 0.660513740625 0.52849549375 0.6396777046875
41 0.504489771875 0.58693485 0.5191037406250001 0.6233327703125 0.5315660703125 0.6401484671875 0.5662013328125 0.6212378578125 0.5368671078125 0.5714043281250001 0.504489771875 0.58693485
42 0.5417892859375 0.5665695765625001 0.5403440093749999 0.5738005171875 0.569271909375 0.6217086203125 0.6039071734375 0.6027980109375 0.5741666234375 0.5510390562499999 0.5417892859375 0.5665695765625001
43 0.7460400609375 0.6661989390625 0.70112665625 0.6270188078125 0.676515771875 0.6511925609375 0.6750704953125 0.6584234999999999 0.7184786171875001 0.699857021875 0.7472590375 0.6719752156250001 0.7460400609375 0.6661989390625
13 0.35869995625 0.506205090625 0.356155721875 0.517614846875 0.392203715625 0.5523305656249999 0.41947885312500005 0.5267021515625 0.3803002734375 0.48653812187499995 0.35869995625 0.506205090625
13 0.38722153125 0.55218776875 0.353085146875 0.517144084375 0.331078503125 0.534885628125 0.326622659375 0.5466233515625001 0.36498858749999996 0.5829365281250001 0.38884683125 0.559889471875 0.38722153125 0.55218776875
19 0.155889375 0.5260368734374999 0.14518609375 0.5597953828125 0.1940890109375 0.580334815625 0.20936815156250002 0.5447936765625 0.1662000625 0.5232703453124999 0.155889375 0.5260368734374999
20 0.22771786875000002 0.509723303125 0.1799139109375 0.4850050515625 0.1757443765625 0.48871310625 0.1619105109375 0.5170233046875 0.1631294859375 0.5227995828124999 0.212032403125 0.543339015625 0.22771786875000002 0.509723303125
21 0.24606758437499998 0.474652928125 0.197857303125 0.44800925312500006 0.182458146875 0.47359529375 0.180666553125 0.48387835625 0.22615257500000002 0.5069991468749999 0.2322337203125 0.502963128125 0.24606758437499998 0.474652928125
22 0.6784151625 0.20495352968749997 0.6552220890625 0.1560615265625 0.62012049375 0.1680691640625 0.6406493140625 0.21841582812500002 0.6784151625 0.20495352968749997
23 0.695712196875 0.1461221140625 0.684588859375 0.1450377890625 0.6605505921875 0.153152203125 0.6599179671875001 0.16423399375 0.6784151625 0.20495352968749997 0.714675725 0.1937446234375 0.695712196875 0.1461221140625
24 0.75272788125 0.1722526546875 0.7319127515625 0.129935659375 0.697563796875 0.1408165984375 0.695712196875 0.1461221140625 0.7173399765624999 0.1922899609375 0.75168893125 0.1814090203125 0.75272788125 0.1722526546875
25 0.0832258515625 0.34597269375 0.079868965625 0.3535315984375 0.12275074687500001 0.3830846 0.1449836890625 0.352335840625 0.10210190937500001 0.3227828390625 0.0832258515625 0.34597269375
14 0.166057665625 0.320788353125 0.126999103125 0.29057941875000004 0.11524313906250001 0.3005768859375 0.10285455156250001 0.32165614374999996 0.1368709203125 0.3467447328125 0.1472416140625 0.348955753125 0.166057665625 0.320788353125
15 0.1550268796875 0.263824309375 0.149292053125 0.26480820625 0.1338328875 0.2854167015625 0.1304760046875 0.2929756078125 0.17144617499999998 0.3228565765625 0.19408544218749998 0.294033240625 0.1550268796875 0.263824309375
16 0.1662565015625 0.2419463203125 0.1538679125 0.263025578125 0.19825497812499998 0.2903251875 0.2189826359375 0.2618298203125 0.17610085625 0.23227681875 0.1662565015625 0.2419463203125
25 0.15348245625 0.8666207078125 0.1030142484375 0.84335711875 0.09294359218750001 0.8660338359375 0.090865690625 0.8843465671875 0.1382633234375 0.90713939375 0.1554540734375 0.8712702890624999 0.15348245625 0.8666207078125
14 0.10665744218749999 0.8277685421875001 0.103766890625 0.8422304234375 0.15348245625 0.8666207078125 0.1702668796875 0.8288261765625 0.12055131562500002 0.80443589375 0.10665744218749999 0.8277685421875001
15 0.1663836546875 0.8245045624999999 0.1728711234375 0.8223939671875 0.1858923390625 0.7902329171875 0.18119646250000002 0.78206045 0.13768205625000002 0.763589240625 0.130095628125 0.7698786546874999 0.11967865625 0.7956074937500001 0.12246292343750001 0.8041079265625 0.1663836546875 0.8245045624999999
16 0.1487316546875 0.7267786093749999 0.1365230890625 0.7627905109374999 0.187337615625 0.7830019781249999 0.2026167546875 0.747460840625 0.1552191234375 0.7246680140625 0.1487316546875 0.7267786093749999
17 0.1552191234375 0.7246680140625 0.2010514625 0.7447366843750001 0.20863789062500002 0.7384472718749999 0.22015382187500002 0.7085396140625 0.17043825625 0.684149328125 0.16285182812500001 0.6904387421875 0.15394013906249998 0.713914190625 0.151742221875 0.722271825 0.1552191234375 0.7246680140625
33 0.5892367625 0.847724115625 0.5877914875 0.8549550546875 0.600253815625 0.8717707515625 0.644567140625 0.8611754062499999 0.62080145 0.8283427421875 0.5892367625 0.847724115625
39 0.8269602671875 0.6413425640625 0.8255149906250001 0.648573503125 0.8571671500000001 0.7000044921875 0.893714021875 0.6807659171875 0.8612492140624999 0.6254840749999999 0.8269602671875 0.6413425640625
28 0.9314198609375 0.6623260703125 0.9008666625 0.6067162625 0.86466610625 0.6229027171875 0.8944666640625 0.6796392203125 0.9314198609375 0.6623260703125
29 0.9061951640625001 0.6038069375 0.9051562140625 0.612963303125 0.9344904375 0.6627968328125 0.97335524375 0.645155715625 0.9389788265625001 0.590201840625 0.9061951640625001 0.6038069375
30 0.6163506890625 0.713388384375 0.617223346875 0.72221678125 0.6606314671875 0.7636503046875001 0.6885992390625 0.731917646875 0.6447847906249999 0.6885586984375001 0.6163506890625 0.713388384375
5 0.46567275468749997 0.16364245156249999 0.4499598265625 0.13142334687499999 0.4136392546875 0.13765470625 0.41491823749999995 0.14840853125 0.43254277500000005 0.18029966875 0.46567275468749997 0.16364245156249999
5 0.8228059765625 0.26497436875 0.8213607015625 0.2722053078125 0.8460590578125 0.31884392031250003 0.8853301890624999 0.303128228125 0.8602255078125 0.25456419218750004 0.8228059765625 0.26497436875
6 0.8636424 0.251982834375 0.861384475 0.255362921875 0.8868954812500001 0.305852384375 0.9242550046875 0.29046465781249997 0.898743996875 0.239975196875 0.8636424 0.251982834375
7 0.9040725000000001 0.237065871875 0.9026272234375 0.24429681093750003 0.9273255796875001 0.2909354234375 0.964278778125 0.273622271875 0.9372624875 0.22538620156250003 0.9040725000000001 0.237065871875
8 0.9734905062499999 0.2750345625 0.9639650062499999 0.21581712656250002 0.9410857046875 0.22473027031249998 0.964278778125 0.273622271875 0.9734905062499999 0.2750345625
9 0.24571261875 0.318095559375 0.2473979265625 0.3307748109375 0.2681530484375 0.36811425781249996 0.30128302812499996 0.351457040625 0.2765846703125 0.3048184296875 0.24571261875 0.318095559375
10 0.28150684843749996 0.2999836796875 0.28046789687499996 0.3091400453125 0.303947278125 0.3500023796875 0.3370772578125 0.333345159375 0.3123789015625 0.28670655 0.28150684843749996 0.2999836796875
11 0.31538947031250003 0.28219976562500004 0.31353786875 0.2875052796875 0.3378299 0.3322184640625 0.3709598796875 0.315561246875 0.34817313125 0.26859466875 0.31538947031250003 0.28219976562500004
12 0.40907204375 0.29904682656250003 0.382462078125 0.25273618125 0.3500847421875 0.268266703125 0.376348390625 0.3176294703125 0.40907204375 0.29904682656250003
1 0.385472646875 0.248229396875 0.3832147203125 0.2516094859375 0.4098246859375 0.2979201296875 0.442954665625 0.2812629109375 0.417849984375 0.232698875 0.385472646875 0.248229396875
12 0.9071756203125 0.17667936875 0.8988690953124999 0.123238209375 0.859071621875 0.12707337968750002 0.8673781484375 0.18051453906249998 0.9071756203125 0.17667936875
1 0.9496373437500001 0.1713895359375 0.9398255343749999 0.12020177031249998 0.9015333468750001 0.121783546875 0.9098398718749999 0.17522470625 0.9496373437500001 0.1713895359375
3 0.64889431875 0.679873096875 0.6459437578125 0.689357428125 0.6893518796875 0.73079095 0.7181323 0.70290914375 0.673911528125 0.6576247703125 0.64889431875 0.679873096875
3 0.3654722203125 0.9090584828124999 0.36986805624999997 0.8923432109375 0.3663911546875 0.8899470218750001 0.3133187046875 0.87311564375 0.30914916875 0.8768236984375 0.30123015625 0.9190826390625 0.3173356796875 0.9203097609374999 0.3654722203125 0.9090584828124999
4 0.32205036875 0.8347075531250001 0.314071346875 0.8719889484375001 0.36980805 0.8873656640625001 0.38045132187499997 0.8486296078125 0.330043121875 0.830343565625 0.32205036875 0.8347075531250001
8 0.8279768359374999 0.43965930000000003 0.8273442109375001 0.45074109062499995 0.8535478515625 0.49512630937499996 0.8905010484375 0.477813159375 0.8607604984374999 0.426054203125 0.8279768359374999 0.43965930000000003
9 0.9278005625000001 0.45744788593749997 0.8980600140625 0.40568893125 0.8637710671875001 0.4215474203125 0.8908473656250001 0.4747610375 0.9278005625000001 0.45744788593749997
10 0.9659127281250001 0.440933465625 0.9361721765625 0.3891745109375 0.9014769062499999 0.40310757343750003 0.9304648140625 0.455993225 0.9659127281250001 0.440933465625
26 0.6188913546875 0.4156770515625 0.617852403125 0.4248334171875 0.649384546875 0.46630931249999996 0.68129555 0.44387581562499995 0.6485444328125001 0.3966236453125 0.6188913546875 0.4156770515625
0 0.360006403125 0.5827937296875 0.32164047500000004 0.546480553125 0.3019517671875 0.56581955625 0.2974959234375 0.5775572796875 0.3358618515625 0.6138704578125 0.3612253796875 0.5885700078125 0.360006403125 0.5827937296875
18 0.5018733109375 0.147455996875 0.490103615625 0.1245360546875 0.45378304375 0.130767415625 0.45506202656249994 0.1415212390625 0.46874333124999995 0.16411321406249998 0.5018733109375 0.147455996875
24 0.81411399375 0.8151283390625 0.814174003125 0.8201058859374999 0.827735290625 0.832742765625 0.8724549406250001 0.8240728453124999 0.8467776421875 0.791568146875 0.81411399375 0.8151283390625