18 0.6661147078125 0.376984609375 0.5895371890625001 0.3175035640625 0.5393727984375001 0.3625414609375 0.5360953 0.3687174203125 0.539647103125 0.37366915 0.6156644203125 0.43129466406250005 0.6661147078125 0.376984609375
24 0.46183069374999997 0.3543674578125 0.3919871765625 0.29675290625 0.341262584375 0.339935275 0.3398562859375 0.345496378125 0.35182268906249997 0.35788118125 0.4083888046875 0.40558131406250003 0.46183069374999997 0.3543674578125
25 0.4440227671875 0.251100153125 0.43148456875 0.257259665625 0.394609175 0.29181213906250003 0.3956342765625 0.29861391406250004 0.46304639375 0.3549877953125 0.5108746843749999 0.3056185046875 0.4440227671875 0.251100153125
14 0.5485124703125 0.24634027500000003 0.49231595781250004 0.206677109375 0.4447735671875 0.24677424218750002 0.44523846718750004 0.2517204890625 0.513961584375 0.3056239859375 0.5610390749999999 0.26058060781250003 0.5485124703125 0.24634027500000003
15 0.5630055734375 0.2568750328125 0.608772065625 0.2143020375 0.6016684625 0.2043985796875 0.53929815 0.16472445156249998 0.49624895625 0.1992659609375 0.4929714578125 0.20544192031250003 0.495963059375 0.2085381203125 0.5630055734375 0.2568750328125
16 0.5394887500000001 0.1585430125 0.5453766515625 0.167826134375 0.6088673640625 0.2112113171875 0.65463385625 0.168638321875 0.583848940625 0.12153111875 0.5394887500000001 0.1585430125
17 0.35026565625 0.62864026875 0.40708034531250004 0.5681597375 0.332004425 0.5000268718750001 0.324519625 0.502486290625 0.276035834375 0.5530907734375 0.2727583359375 0.5592667312499999 0.2757499375 0.56236293125 0.35026565625 0.62864026875
44 0.3092666671875 0.6767853296874999 0.3482991578125 0.63234584375 0.27397403593749997 0.5598870671875 0.2664892359375 0.5623464874999999 0.21482324687499998 0.61603620625 0.21584835 0.62283798125 0.2877420703125 0.6940560859375 0.3092666671875 0.6767853296874999
45 0.7625220875000001 0.27392011875 0.684442971875 0.223090896875 0.6398921796875 0.266284228125 0.64278848125 0.27247115 0.717125196875 0.32453008125 0.7642026875 0.2794867015625 0.7625220875000001 0.27392011875
32 0.5902879890625 0.313177653125 0.591313090625 0.3199794296875 0.6667702078125 0.3757494171875 0.7164696984375001 0.3257652734375 0.6385811796875001 0.26875461093749997 0.5902879890625 0.313177653125
31 0.153050459375 0.6771261125 0.1557561625 0.689494471875 0.22390748437500002 0.761942284375 0.28764677031249997 0.6971468046875 0.209769846875 0.6197363 0.153050459375 0.6771261125
11 0.42522308750000004 0.7406635453125 0.4230659890625 0.7505505578125 0.509917715625 0.8372496671875 0.5706654015625 0.7693579859375 0.48325347656249995 0.6808033499999999 0.42522308750000004 0.7406635453125
12 0.4840042734375 0.6764774390625 0.48802097812499995 0.6863754140625 0.5726319 0.7656524124999999 0.6315083859375 0.6983755859375 0.5420346625 0.6166172421875 0.4840042734375 0.6764774390625
1 0.6872979734375 0.631093278125 0.59707345 0.553660846875 0.545407459375 0.607350565625 0.5421299609375 0.613526521875 0.5462419625 0.6203337796875 0.6316036859375 0.6952848656249999 0.6872979734375 0.631093278125
2 0.7417765578125 0.566281353125 0.6513614359375001 0.4950303609375 0.601006446875 0.546249696875 0.5977289484375 0.5524256546874999 0.60371215 0.55861805625 0.687393271875 0.6280025578124999 0.7417765578125 0.566281353125
3 0.6528630359375 0.4863785375 0.6525771375 0.495650696875 0.7418718578125 0.5631906328125 0.793633146875 0.5064101937500001 0.703778225 0.43701472968750005 0.6528630359375 0.4863785375