49 0.8294797921875 0.436942196875 0.824171553125 0.43870552343749997 0.7489317171875001 0.528828496875 0.7494862984374999 0.5329622374999999 0.819787265625 0.5920103734375 0.854990728125 0.5547682921875 0.8985923437500001 0.4974645984375 0.8294797921875 0.436942196875
50 0.967704896875 0.5579870015624999 0.903081890625 0.499931365625 0.898962065625 0.5002204265625 0.8225338171875001 0.5918176671875 0.823088396875 0.5959514078125 0.8499464265625001 0.6204937625 0.8918312296875 0.6537179828124999 0.9682594796874999 0.562120740625 0.967704896875 0.5579870015624999
51 1 0.583106446875 0.97356771875 0.5603574140625 0.96944789375 0.560646475 0.8945777796875 0.6535252765624999 0.8966904984375 0.658940578125 0.960758921875 0.7128624703125 0.9674404375 0.7110027921875 1 0.6706115984375 1 0.583106446875
37 0.373104009375 0.2589394140625 0.4519090890625 0.164393640625 0.3800499859375 0.10406394375000001 0.301060046875 0.19723180625 0.301614628125 0.2013655453125 0.373104009375 0.2589394140625
38 0.456398634375 0.1668604078125 0.452278809375 0.16714946718749998 0.42101031093749997 0.20272457500000002 0.37347373125 0.261695240625 0.443959559375 0.322121290625 0.44826424375 0.3232101453125 0.5255111875 0.2273828109375 0.456398634375 0.1668604078125
39 0.527254184375 0.230042284375 0.44707582968750004 0.3246844125 0.5175616578125 0.3851104609375 0.5230547578125 0.384725046875 0.597924871875 0.291846246875 0.5973702890625 0.28771250625 0.527254184375 0.230042284375
28 0.52186634375 0.3861993140625 0.522420925 0.3903330546875 0.592352171875 0.4466253625 0.67115725 0.35207958906250003 0.603602834375 0.2928387484375 0.5967364578125001 0.2933205125 0.52186634375 0.3861993140625
29 0.5004743578124999 0.6297140484375 0.4319163875 0.5733253875 0.42779656250000003 0.573614446875 0.3469843765625 0.6738645812499999 0.41865861875 0.7328163640625001 0.4229633046875 0.73390521875 0.501028940625 0.6338477890624999 0.5004743578124999 0.6297140484375
30 0.576189175 0.6981185203125 0.55656724375 0.6758502265625 0.5067069015625 0.6348402906249999 0.5025870765625 0.6351293499999999 0.4229633046875 0.73390521875 0.4235178859375 0.7380389593750001 0.49344913281249997 0.7943312671875 0.49775381718749995 0.7954201203125 0.576189175 0.6981185203125
31 0.6500553859375 0.7527438546874999 0.5799392796875 0.6950736328125 0.49894223281250005 0.7939458546875 0.49949681406249996 0.79807959375 0.567869925 0.8530903437499999 0.5761095765625 0.8525122234375001 0.6506099671875 0.7568775953125 0.6500553859375 0.7527438546874999
10 0.08759475781250001 0.31096193125 0.08970747500000001 0.31637723281249996 0.16119685625 0.3739511015625 0.242748484375 0.2792126203125 0.242193903125 0.27507888125 0.17051966093749998 0.21612709843750003 0.08759475781250001 0.31096193125
11 0.23324081875 0.43565871093749997 0.31635058437499997 0.342201790625 0.315796003125 0.33806805 0.24567989531249998 0.2803978296875 0.1627549921875 0.3752326625 0.23324081875 0.43565871093749997
12 0.3909562375 0.40233877968750004 0.3192819953125 0.3433869984375 0.23635709062500002 0.43822183125 0.24002794375 0.4449186921875 0.3084010546875 0.499929440625 0.3138941546875 0.499544028125 0.39151081875 0.4064725203125 0.3909562375 0.40233877968750004