13 0.318359375 0.1923828125 0.318359375 0.1865234375 0.2802734375 0.166015625 0.248046875 0.2119140625 0.24609375 0.2177734375 0.2509765625 0.22265625 0.2861328125 0.240234375 0.318359375 0.1923828125
18 0.3671875 0.2119140625 0.3330078125 0.193359375 0.318359375 0.2060546875 0.294921875 0.2451171875 0.3349609375 0.265625 0.3671875 0.2177734375 0.3671875 0.2119140625
19 0.4140625 0.2392578125 0.3798828125 0.220703125 0.37109375 0.2255859375 0.34375 0.2744140625 0.3837890625 0.294921875 0.408203125 0.2568359375 0.4140625 0.2392578125
20 0.4228515625 0.248046875 0.392578125 0.2958984375 0.3935546875 0.3046875 0.4306640625 0.32421875 0.462890625 0.2685546875 0.4228515625 0.248046875
21 0.4755859375 0.28125 0.455078125 0.3173828125 0.447265625 0.3388671875 0.4873046875 0.357421875 0.517578125 0.2998046875 0.4755859375 0.28125
22 0.5283203125 0.306640625 0.498046875 0.3486328125 0.494140625 0.3623046875 0.5322265625 0.384765625 0.568359375 0.3310546875 0.5283203125 0.306640625
23 0.5791015625 0.333984375 0.552734375 0.3740234375 0.544921875 0.3896484375 0.5869140625 0.412109375 0.6171875 0.3544921875 0.5791015625 0.333984375
24 0.6357421875 0.36328125 0.625 0.3720703125 0.6015625 0.4208984375 0.6455078125 0.44140625 0.673828125 0.3818359375 0.6357421875 0.36328125
25 0.6845703125 0.392578125 0.662109375 0.4306640625 0.654296875 0.4501953125 0.6962890625 0.47265625 0.7265625 0.4130859375 0.6845703125 0.392578125
14 0.7412109375 0.423828125 0.7353515625 0.423828125 0.728515625 0.4345703125 0.705078125 0.4814453125 0.7490234375 0.50390625 0.779296875 0.4462890625 0.7412109375 0.423828125
15 0.7880859375 0.451171875 0.78125 0.4541015625 0.75390625 0.5107421875 0.7998046875 0.533203125 0.828125 0.4736328125 0.7880859375 0.451171875
16 0.8388671875 0.48046875 0.830078125 0.4853515625 0.8046875 0.5400390625 0.8486328125 0.5625 0.87890625 0.5029296875 0.8388671875 0.48046875
17 0.8935546875 0.51171875 0.88671875 0.5126953125 0.859375 0.5712890625 0.9033203125 0.595703125 0.93359375 0.5341796875 0.8935546875 0.51171875
40 0.27734375 0.2490234375 0.2392578125 0.2265625 0.20703125 0.2705078125 0.203125 0.2802734375 0.2080078125 0.28515625 0.2431640625 0.302734375 0.27734375 0.2490234375
45 0.2880859375 0.25390625 0.279296875 0.2587890625 0.251953125 0.3095703125 0.2939453125 0.330078125 0.32421875 0.2724609375 0.2880859375 0.25390625
46 0.375 0.3017578125 0.3369140625 0.28125 0.3046875 0.3291015625 0.3056640625 0.33984375 0.3427734375 0.357421875 0.369140625 0.3193359375 0.375 0.3017578125
47 0.3857421875 0.3125 0.353515625 0.3603515625 0.3525390625 0.369140625 0.3916015625 0.390625 0.42578125 0.3349609375 0.3857421875 0.3125
48 0.4765625 0.3642578125 0.4345703125 0.341796875 0.40625 0.3857421875 0.40234375 0.3955078125 0.4091796875 0.40234375 0.4423828125 0.419921875 0.4765625 0.3642578125
49 0.4833984375 0.373046875 0.455078125 0.4169921875 0.44921875 0.4287109375 0.4892578125 0.453125 0.5234375 0.3955078125 0.4833984375 0.373046875
50 0.5380859375 0.40234375 0.513671875 0.4443359375 0.5078125 0.4599609375 0.5498046875 0.48046875 0.580078125 0.4228515625 0.5380859375 0.40234375
51 0.5986328125 0.4296875 0.576171875 0.4658203125 0.56640625 0.4892578125 0.6083984375 0.509765625 0.638671875 0.4521484375 0.5986328125 0.4296875
52 0.6494140625 0.458984375 0.623046875 0.5009765625 0.615234375 0.5166015625 0.6591796875 0.541015625 0.69140625 0.4833984375 0.6494140625 0.458984375
41 0.740234375 0.5107421875 0.6962890625 0.490234375 0.669921875 0.5400390625 0.66796875 0.5498046875 0.6728515625 0.5546875 0.7119140625 0.572265625 0.740234375 0.5107421875
42 0.7490234375 0.515625 0.7265625 0.5517578125 0.71484375 0.5751953125 0.7607421875 0.599609375 0.791015625 0.5400390625 0.7490234375 0.515625
43 0.7978515625 0.546875 0.76953125 0.5986328125 0.7705078125 0.611328125 0.8115234375 0.6328125 0.841796875 0.5712890625 0.7978515625 0.546875
44 0.8486328125 0.576171875 0.828125 0.6123046875 0.818359375 0.6376953125 0.8623046875 0.662109375 0.892578125 0.6005859375 0.8486328125 0.576171875
27 0.1904296875 0.296875 0.158203125 0.3447265625 0.1572265625 0.353515625 0.1962890625 0.375 0.232421875 0.3193359375 0.1904296875 0.296875
32 0.2412109375 0.32421875 0.208984375 0.3740234375 0.2099609375 0.3828125 0.2490234375 0.40234375 0.283203125 0.3447265625 0.2412109375 0.32421875
33 0.2978515625 0.3515625 0.283203125 0.3662109375 0.259765625 0.4072265625 0.3017578125 0.4296875 0.333984375 0.3720703125 0.2978515625 0.3515625
34 0.3466796875 0.380859375 0.314453125 0.4306640625 0.3134765625 0.439453125 0.3544921875 0.458984375 0.38671875 0.4013671875 0.3466796875 0.380859375
35 0.439453125 0.4306640625 0.3974609375 0.408203125 0.365234375 0.4599609375 0.36328125 0.4638671875 0.3681640625 0.46875 0.4052734375 0.48828125 0.439453125 0.4306640625
36 0.4462890625 0.439453125 0.427734375 0.4716796875 0.416015625 0.4990234375 0.4560546875 0.51953125 0.48828125 0.4599609375 0.4462890625 0.439453125
37 0.4990234375 0.46875 0.46875 0.5205078125 0.4697265625 0.529296875 0.5107421875 0.548828125 0.541015625 0.4892578125 0.4990234375 0.46875
38 0.5537109375 0.498046875 0.541015625 0.5107421875 0.517578125 0.5576171875 0.5595703125 0.580078125 0.591796875 0.5205078125 0.5537109375 0.498046875
39 0.6025390625 0.529296875 0.576171875 0.5732421875 0.5703125 0.5888671875 0.6123046875 0.61328125 0.64453125 0.5517578125 0.6025390625 0.529296875
28 0.6533203125 0.556640625 0.6484375 0.5595703125 0.62109375 0.6181640625 0.6650390625 0.642578125 0.6953125 0.5791015625 0.6533203125 0.556640625
29 0.7099609375 0.5859375 0.703125 0.5869140625 0.6953125 0.6025390625 0.67578125 0.6494140625 0.7216796875 0.671875 0.75 0.6083984375 0.7099609375 0.5859375
30 0.7607421875 0.6171875 0.75390625 0.6201171875 0.74609375 0.6357421875 0.7265625 0.6806640625 0.7724609375 0.705078125 0.802734375 0.6416015625 0.7607421875 0.6171875
31 0.8173828125 0.650390625 0.80859375 0.6513671875 0.779296875 0.7119140625 0.8251953125 0.73828125 0.857421875 0.6748046875 0.8173828125 0.650390625
0 0.1455078125 0.36328125 0.12109375 0.3955078125 0.107421875 0.4189453125 0.1474609375 0.443359375 0.185546875 0.3876953125 0.1455078125 0.36328125
5 0.236328125 0.4169921875 0.1982421875 0.392578125 0.162109375 0.4423828125 0.16015625 0.4501953125 0.1650390625 0.455078125 0.2001953125 0.474609375 0.236328125 0.4169921875
6 0.287109375 0.4443359375 0.2470703125 0.419921875 0.2109375 0.4716796875 0.208984375 0.4775390625 0.2138671875 0.482421875 0.2509765625 0.501953125 0.287109375 0.4443359375
7 0.2958984375 0.44921875 0.265625 0.4951171875 0.259765625 0.5068359375 0.3017578125 0.53125 0.337890625 0.4716796875 0.2958984375 0.44921875
8 0.3505859375 0.48046875 0.3359375 0.4970703125 0.3125 0.5400390625 0.3544921875 0.5625 0.388671875 0.5029296875 0.3505859375 0.48046875
9 0.4013671875 0.509765625 0.369140625 0.5615234375 0.3662109375 0.572265625 0.4091796875 0.59375 0.443359375 0.5341796875 0.4013671875 0.509765625
10 0.4521484375 0.541015625 0.421875 0.5869140625 0.416015625 0.6025390625 0.4599609375 0.625 0.4921875 0.5654296875 0.4521484375 0.541015625
11 0.5029296875 0.568359375 0.474609375 0.6142578125 0.466796875 0.6298828125 0.5107421875 0.654296875 0.544921875 0.5947265625 0.5029296875 0.568359375
12 0.5537109375 0.599609375 0.5234375 0.6533203125 0.5224609375 0.6640625 0.5634765625 0.6875 0.59765625 0.6240234375 0.5537109375 0.599609375
1 0.650390625 0.6533203125 0.6064453125 0.630859375 0.576171875 0.6845703125 0.5751953125 0.6953125 0.6181640625 0.71875 0.650390625 0.6611328125 0.650390625 0.6533203125
2 0.6728515625 0.666015625 0.66015625 0.6630859375 0.630859375 0.7275390625 0.6748046875 0.751953125 0.70703125 0.6865234375 0.6728515625 0.666015625
3 0.7138671875 0.693359375 0.69921875 0.7197265625 0.681640625 0.7568359375 0.7294921875 0.783203125 0.759765625 0.7177734375 0.7138671875 0.693359375
4 0.7802734375 0.728515625 0.767578125 0.7255859375 0.736328125 0.7880859375 0.7841796875 0.81640625 0.81640625 0.7509765625 0.7802734375 0.728515625
26 0.404296875 0.6357421875 0.3642578125 0.611328125 0.328125 0.6650390625 0.32421875 0.6728515625 0.3271484375 0.677734375 0.3681640625 0.69921875 0.404296875 0.6357421875
26 0.4208984375 0.650390625 0.39453125 0.6943359375 0.384765625 0.7158203125 0.4287109375 0.740234375 0.462890625 0.6748046875 0.4208984375 0.650390625