18 0.6474609375 0.451171875 0.62109375 0.4541015625 0.619140625 0.5732421875 0.7060546875 0.578125 0.7109375 0.4560546875 0.6474609375 0.451171875
24 0.5771484375 0.248046875 0.49609375 0.2490234375 0.494140625 0.3681640625 0.5791015625 0.37109375 0.583984375 0.2529296875 0.5771484375 0.248046875
25 0.5849609375 0.248046875 0.58203125 0.2900390625 0.5830078125 0.37109375 0.66796875 0.3701171875 0.6689453125 0.251953125 0.5849609375 0.248046875
14 0.755859375 0.2568359375 0.7158203125 0.251953125 0.669921875 0.2548828125 0.66796875 0.3701171875 0.6845703125 0.375 0.7529296875 0.375 0.755859375 0.2568359375
15 0.8369140625 0.255859375 0.7587890625 0.25390625 0.755859375 0.3740234375 0.8388671875 0.376953125 0.841796875 0.2607421875 0.8369140625 0.255859375
16 0.9189453125 0.255859375 0.8427734375 0.255859375 0.841796875 0.3740234375 0.9248046875 0.376953125 0.927734375 0.2607421875 0.9189453125 0.255859375
17 0.2646484375 0.38671875 0.265625 0.5087890625 0.3544921875 0.5078125 0.353515625 0.3876953125 0.2646484375 0.38671875
45 0.8115234375 0.45703125 0.798828125 0.4599609375 0.796875 0.5791015625 0.8818359375 0.583984375 0.884765625 0.4638671875 0.8115234375 0.45703125
44 0.1787109375 0.38671875 0.17578125 0.5087890625 0.2607421875 0.509765625 0.263671875 0.3896484375 0.1787109375 0.38671875
32 0.7109375 0.4560546875 0.708984375 0.5771484375 0.7958984375 0.580078125 0.796875 0.4580078125 0.7109375 0.4560546875
31 0.087890625 0.3876953125 0.0859375 0.5087890625 0.1728515625 0.509765625 0.17578125 0.3896484375 0.087890625 0.3876953125
11 0.2333984375 0.65234375 0.228515625 0.6572265625 0.2265625 0.7021484375 0.2275390625 0.78125 0.314453125 0.7802734375 0.3173828125 0.654296875 0.2333984375 0.65234375
12 0.40625 0.6552734375 0.3212890625 0.654296875 0.318359375 0.6591796875 0.31640625 0.7802734375 0.4013671875 0.783203125 0.40625 0.7783203125 0.40625 0.6552734375
1 0.4130859375 0.65234375 0.408203125 0.6572265625 0.40625 0.7802734375 0.4931640625 0.783203125 0.49609375 0.6552734375 0.4130859375 0.65234375
2 0.5322265625 0.65234375 0.498046875 0.6552734375 0.49609375 0.7802734375 0.5830078125 0.783203125 0.5859375 0.6572265625 0.5322265625 0.65234375
3 0.5869140625 0.654296875 0.5859375 0.7802734375 0.6728515625 0.783203125 0.67578125 0.6572265625 0.5869140625 0.654296875