27 0.21254340312500003 0.7288305984375001 0.2170847765625 0.7236306515625001 0.22433758906249998 0.630882209375 0.1522973578125 0.6247034078125 0.1460349484375 0.66142931875 0.14245629843750002 0.7225265328125 0.15158680156249998 0.7268496328125 0.21254340312500003 0.7288305984375001
32 0.1688525296875 0.187750390625 0.166400859375 0.1947797890625 0.189394259375 0.2571180140625 0.2810068015625 0.23455290624999997 0.2617830765625 0.1700094390625 0.1688525296875 0.187750390625
35 0.622708165625 0.1831857515625 0.6211647671875 0.1891751609375 0.654879825 0.2645700703125 0.7092464171875 0.24243025937499998 0.675394784375 0.1650806375 0.622708165625 0.1831857515625
38 0.7720253515625 0.5653223671875 0.8123580968749999 0.5529182515625 0.7939948875 0.47261180312500006 0.7791415859375 0.470619209375 0.738672265625 0.48106860781250005 0.7366303203125 0.4939621515625 0.7573086265625 0.5652844875 0.7720253515625 0.5653223671875
39 0.2379760015625 0.41893404375000004 0.24179343125 0.4314517953125 0.2926768875 0.499855184375 0.34804057187500004 0.4639071078125 0.29452111406250003 0.3858554078125 0.2379760015625 0.41893404375000004
39 0.5870171765625 0.823603878125 0.5680666015625 0.7629698406250001 0.48349485937500003 0.788028596875 0.49422320781250006 0.84329954375 0.5019468875 0.8555667671875 0.5767530046875 0.83113433125 0.5870171765625 0.823603878125
28 0.3210168203125 0.765070078125 0.36829485625 0.7257136281250001 0.35271091875 0.6992244671875001 0.3108691484375 0.647912453125 0.26240968593749997 0.684399465625 0.256188340625 0.6936341046875001 0.3132043203125 0.7655711328125 0.3210168203125 0.765070078125
18 0.6328959921874999 0.5536289609375 0.6178516671875001 0.49274439531249997 0.5346867468750001 0.5098590265625 0.5468696734375 0.5719088453125 0.6328959921874999 0.5536289609375
19 0.411468925 0.5855014671875 0.3224379375 0.560777628125 0.30513965625 0.608028696875 0.3020528609375 0.6200075125 0.3054605640625 0.62666111875 0.393310125 0.64851551875 0.411468925 0.5855014671875
20 0.1909300546875 0.48969119687499996 0.120979525 0.48534184375 0.11698445625000001 0.49836064999999996 0.115044715625 0.582914440625 0.18499524375 0.58726379375 0.18926346562500002 0.5781544171874999 0.1909300546875 0.48969119687499996
21 0.6191973484375 0.3856487515625 0.57598981875 0.314789590625 0.526847478125 0.341503028125 0.52453238125 0.35048714062499997 0.5677399109375 0.4213463 0.61974365 0.3934676109375 0.6191973484375 0.3856487515625
23 0.391610984375 0.2451305671875 0.3271101046875 0.2345412796875 0.32012375 0.2889848875 0.31799298593750003 0.31464670781250004 0.3219469921875 0.329119171875 0.383176746875 0.3350095671875 0.391610984375 0.2451305671875
15 0.5866092703125 0.256186025 0.5532628749999999 0.21414653281249998 0.48504676875 0.26269974375 0.48572964843750005 0.2724733171875 0.5211657421875 0.31634226249999997 0.5892452734375 0.265834334375 0.5866092703125 0.256186025
14 0.6936414937500001 0.3700751625 0.7041788171875 0.36645414062500004 0.70503264375 0.30847689375 0.6238619125 0.297974990625 0.618733171875 0.32284735000000003 0.6166024078125 0.3485091703125 0.6204198390625 0.361026921875 0.6936414937500001 0.3700751625
17 0.3552246421875 0.5105697359375 0.3534558484375 0.52737270625 0.4397620125 0.5552165140625 0.4601470890625 0.4959866296875 0.37265950000000003 0.46527338125 0.3552246421875 0.5105697359375
5 0.221871621875 0.8342599343750001 0.27873095000000003 0.77759945625 0.2905385203125 0.76407959375 0.2901287921875 0.75821545 0.2470167734375 0.716802275 0.23906769843750003 0.715348615625 0.1731256234375 0.7824089875 0.1708105265625 0.7913931 0.221871621875 0.8342599343750001
6 0.4753070046875 0.7129599734375 0.41094269843750003 0.7043254015625 0.40567738125 0.7272430453125 0.39705881249999997 0.8004443374999999 0.45946999218749995 0.809204175 0.46541818749999997 0.7960601046875 0.4753070046875 0.7129599734375
10 0.5007730640625 0.6141347374999999 0.4166521125 0.6175663671875 0.4136130734375 0.644268175 0.4173894390625 0.684277196875 0.508278040625 0.6794297859375 0.5058607390625001 0.6167536499999999 0.5007730640625 0.6141347374999999
10 0.7230539578124999 0.5242849828125 0.6851594984375 0.445231171875 0.6330191843749999 0.471155146875 0.6337020625 0.4809287203125 0.6689605171874999 0.550334221875 0.6787261421874999 0.5497079031250001 0.7230539578124999 0.5242849828125
1 0.8248083921875 0.2958863828125 0.7821061015625 0.2603373515625 0.7452765703125 0.30884105625 0.7347870015625 0.32718507343750003 0.7813955421875 0.36248357656249997 0.821721596875 0.3078651984375 0.8248083921875 0.2958863828125
4 0.7134583703125 0.7379373359375 0.7274100890625 0.7831841828125 0.7373600453125 0.7992355703125 0.8123915578125 0.763989571875 0.7898078843749999 0.707515490625 0.7134583703125 0.7379373359375
47 0.10315592968750001 0.370639990625 0.09679800625 0.377919915625 0.1468209421875 0.46208628906250004 0.2083171546875 0.42967184999999997 0.16024734375 0.3453802140625 0.10315592968750001 0.370639990625
49 0.707011628125 0.7579855390625 0.708916996875 0.7431372828125 0.6940980671875 0.6714391546875 0.677291640625 0.6695718234375 0.6329160703125 0.68027175 0.64987245625 0.7685223234375 0.65886638125 0.7708907093749999 0.707011628125 0.7579855390625
43 0.5765762750000001 0.5758940328125 0.5669472265625 0.5784750671875 0.5357927375 0.6099252734375 0.5295713921874999 0.6191599140624999 0.59190044375 0.682902290625 0.634999078125 0.6398869375 0.5765762750000001 0.5758940328125
43 0.48305257968750004 0.290316278125 0.48094949531250003 0.20405829999999997 0.426623965625 0.1987068390625 0.41881146718749995 0.19920789375 0.41635979531249995 0.20623729218750003 0.4183263046875 0.2905405546875 0.47851120781249995 0.2955162265625 0.48305257968750004 0.290316278125
44 0.535800340625 0.37136268437500003 0.4504024515625 0.3424788875 0.43351389687499997 0.39559409843750004 0.4319704984375 0.40158350781249996 0.4371947515625 0.406157134375 0.5175049656249999 0.43242201874999997 0.535800340625 0.37136268437500003
42 0.3656923125 0.9271366359375 0.42514658125000004 0.9076157390624999 0.42746167812499997 0.8986316265625 0.40373764218749997 0.8117968359375001 0.341148821875 0.82857355625 0.3393800296875 0.845376528125 0.3606046375 0.9245177234374999 0.3656923125 0.9271366359375