45 0.05640650625 0.5446235265625 0.0645497984375 0.56355596875 0.10565536874999999 0.6187640625 0.164431025 0.571555775 0.1138281125 0.5013476781249999 0.05640650625 0.5446235265625
46 0.116041625 0.4991774015625 0.13761469843750002 0.5344638890625 0.16926616249999998 0.5702881953125 0.22542019062500002 0.5221772078125 0.17039025624999998 0.45630966875 0.116041625 0.4991774015625
47 0.283744496875 0.4762797328125 0.22957402500000001 0.41217435468749997 0.1730551171875 0.45282857656250003 0.22849316718749998 0.5217690921875 0.283744496875 0.4762797328125
48 0.231379421875 0.4069311 0.231744303125 0.4143878671875 0.285958009375 0.4741094546875 0.3412093390625 0.42862009375000004 0.28261184375 0.368855271875 0.231379421875 0.4069311
41 0.2586664359375 1 0.29336443125 0.9678452125 0.2895616953125 0.9533397953125 0.2256154703125 0.8580100734375 0.21549384374999997 0.8618560453124999 0.15622360625 0.9147589359375001 0.15396685937500001 0.921313003125 0.1591236453125 0.9318859796875 0.19993282968749998 1 0.2586664359375 1
42 0.2278722171875 0.85145600625 0.2264749359375 0.8597722359375 0.296931990625 0.9617424937499999 0.3681724890625 0.8953665875000001 0.2924289453125 0.795974721875 0.2278722171875 0.85145600625
43 0.3679667625 0.738409628125 0.36055323125 0.7343907187500001 0.2955451546875 0.7911828171875 0.30413979687500003 0.80880444375 0.3686238375 0.894055775 0.43896163593750004 0.8303014937500001 0.3679667625 0.738409628125
39 0.23351502656249998 0.634931390625 0.23907992656250002 0.6485773421875 0.294926090625 0.7205908359375 0.36079363125 0.6655609 0.29450419375000003 0.5855528234375 0.23351502656249998 0.634931390625
28 0.424447659375 0.6127012421875 0.355493359375 0.5361742578124999 0.2989312171875 0.58121226875 0.3001555625 0.590431196875 0.312274528125 0.6063338968750001 0.3638666078125 0.665152784375 0.424447659375 0.6127012421875
29 0.484620596875 0.5571767234375 0.4138609 0.48589299218750004 0.358158221875 0.532693165625 0.42580170781250004 0.6087688015625 0.484620596875 0.5571767234375
30 0.54131244375 0.49898734375 0.47394736875000004 0.4391360515625 0.41738522656250004 0.48417406406249996 0.48593141093750003 0.5576280734375 0.49207736406249997 0.5568118421875 0.5456097640625 0.5077981578124999 0.54131244375 0.49898734375
5 0.5490580656249999 0.3359709 0.48332545156249995 0.2884115140625 0.434714659375 0.32739004375 0.44027955781249994 0.3410359953125 0.4998662203125 0.3894116109375 0.5533553859375 0.3447817140625 0.5490580656249999 0.3359709
6 0.48861194062499996 0.285833121875 0.5564283640625 0.3443736 0.60417969375 0.303632909375 0.6064364390625 0.2970788421875 0.5354605703125 0.24771405781250003 0.48861194062499996 0.285833121875
7 0.65685263125 0.252857059375 0.5849740640625 0.20611390312500003 0.5381254328125 0.24423296562500002 0.5393930109375 0.24906810625000003 0.607747253125 0.2975301921875 0.6519310234375 0.2628922171875 0.65685263125 0.252857059375
19 0.6659694218750001 0.5287141531249999 0.66629106875 0.5405547109375 0.75630485 0.615535703125 0.8160696734374999 0.5569382078125 0.7234342640625 0.481054515625 0.6659694218750001 0.5287141531249999
20 0.7252396609375 0.4758112625 0.7247450765625 0.481505865625 0.818283184375 0.55476793125 0.8744804484375001 0.5022731546875 0.7809423390625 0.4290110875 0.7252396609375 0.4758112625
21 0.9337939203125 0.44498647187499996 0.834926090625 0.3786865890625 0.7818450390625 0.4263894625 0.7900748 0.4365543234375 0.878456121875 0.4992434125 0.9226831265625 0.46022165 0.9337939203125 0.44498647187499996