19 0.5715202140625 0.4646553953125 0.577087646875 0.4672957859375 0.68393063125 0.48973795937500003 0.6933435453125 0.46597327499999996 0.7249608125 0.328119228125 0.7124260375 0.32148601875 0.649977596875 0.3077051109375 0.6097827812500001 0.30310111875 0.5714074984375 0.4549628296875 0.5715202140625 0.4646553953125
24 0.2684854671875 0.8304349703125 0.35815919531249996 0.804801053125 0.377403678125 0.7932726421875 0.33263781875 0.6336520546875 0.240180375 0.657965775 0.219535984375 0.6681417640625 0.2544380703125 0.8127567750000001 0.2601665234375 0.8292436875 0.2684854671875 0.8304349703125
25 0.41746676718750003 0.4294624546875 0.32594130312499997 0.29586136406249997 0.23256701249999998 0.36036222812499996 0.2326475234375 0.3672854890625 0.3016617265625 0.4695552296875 0.3213248625 0.49402777656249997 0.328243896875 0.49386663437499995 0.41746676718750003 0.4294624546875
14 0.5578109578125 0.47605489375000004 0.51113089375 0.38988533125 0.49320581093750004 0.39584290625 0.3639330453125 0.4681049625 0.39519800625 0.5380132078125001 0.4163415625 0.5707614390625 0.5621878078125 0.495343340625 0.5578109578125 0.47605489375000004
17 0.634417575 0.2789819234375 0.6430102546875001 0.3037122953125 0.6499614953124999 0.306320459375 0.7974974859375 0.257178525 0.8057037171875001 0.2486772421875 0.8055910031250001 0.23898467656250003 0.7726523984375 0.14418491875 0.7629335421875 0.14164121093749998 0.6153975515625 0.1907831453125 0.610007240625 0.203373928125 0.634417575 0.2789819234375
42 0.6220921265625 0.29034919531250003 0.6315533484375 0.270738465625 0.5854207546875 0.2316470796875 0.540800784375 0.203600684375 0.4398804453125 0.333373571875 0.48042950468749995 0.3684399140625 0.532049021875 0.40324843125000004 0.6220921265625 0.29034919531250003
37 0.25807325468750003 0.649238896875 0.269127609375 0.64759641875 0.3555506609375 0.580487390625 0.3540702421875 0.57221170625 0.292184403125 0.4877813046875 0.25712226562499996 0.44843209375 0.166579996875 0.518407109375 0.169460325 0.5280352203125 0.246841778125 0.6356501984375 0.25807325468750003 0.649238896875
31 0.6844307640625 0.6517744999999999 0.6520386578124999 0.484940596875 0.54431103125 0.5054548718749999 0.536072596875 0.5111868484375 0.5642005671875 0.6684248703125 0.5684324984375 0.675251446875 0.5753515328125001 0.6750903078125 0.6844307640625 0.6517744999999999
31 0.5490392171875 0.1978687046875 0.5516619125 0.1853423796875 0.46926049687500004 0.12216518437499999 0.4609415515625 0.1209739 0.36137281875 0.24794525625000002 0.3893710015625 0.2749937390625 0.450757678125 0.31649992031249996 0.5490392171875 0.1978687046875
4 0.4468980328125 0.5797449875 0.4384341703125 0.5660918328125 0.3460089296875 0.5931748578125 0.328132153125 0.603286390625 0.365801853125 0.74783694375 0.3756817265625 0.7642271734375 0.485999846875 0.72841726875 0.4468980328125 0.5797449875
12 0.8607529703125 0.5784166859375001 0.8718224578125 0.459046540625 0.7013887546875 0.4436254703125 0.6973178437499999 0.45064541562500005 0.6873745312499999 0.547828896875 0.68751945 0.5602907687500001 0.694486790625 0.5642835828125 0.8607529703125 0.5784166859375001