40 0.0996427796875 0.07066244687499999 0.088581690625 0.079595984375 0.1375514125 0.1380331 0.19014658906249998 0.1048865421875 0.1888686953125 0.0976233828125 0.160985071875 0.072273165625 0.11333690468749999 0.0632315015625 0.0996427796875 0.07066244687499999
46 0.317153546875 0.8641514750000001 0.3757200671875 0.8140848859375 0.379884559375 0.8048456093749999 0.313464271875 0.7190262328125 0.293876046875 0.73035348125 0.24591890625 0.7734067203125 0.3051672015625 0.85585924375 0.317153546875 0.8641514750000001
51 0.6643764265625001 0.6492133828125 0.745118871875 0.7207003234375 0.795510896875 0.6630648359375 0.7923270765625 0.6554400109375 0.714493059375 0.5885167796874999 0.707144746875 0.5901312296875 0.6668113109375 0.6346311359375 0.66074089375 0.643508746875 0.6643764265625001 0.6492133828125
52 0.26680011718749996 0.34609951250000004 0.2186347453125 0.2757795953125 0.1666675984375 0.3020246609375 0.157512434375 0.31131986562499997 0.201865953125 0.38091644687500004 0.2142049390625 0.37924606875 0.26680011718749996 0.34609951250000004
41 0.3271953203125 0.30941831406250003 0.27857823437499996 0.2410185890625 0.221895809375 0.270380696875 0.2198135625 0.2750003359375 0.266524721875 0.34303839375 0.2746001421875 0.342564871875 0.3271953203125 0.30941831406250003
42 0.3852328828125 0.274295640625 0.336615796875 0.2058959140625 0.28891221875 0.230944121875 0.279757053125 0.240239328125 0.326919925 0.3063571984375 0.337352984375 0.304325153125 0.3852328828125 0.274295640625
43 0.6170506578125 0.33834417499999997 0.6216668624999999 0.3271847109375 0.55002416875 0.2804924375 0.5424004625000001 0.2790457703125 0.530887659375 0.289899496875 0.5042483484375 0.3269684578125 0.582611321875 0.378947775 0.6170506578125 0.33834417499999997
30 0.4522257890625 0.38730339687500004 0.41525249375 0.4344468234375 0.49652389531249996 0.49098984999999995 0.538840503125 0.43382788437500003 0.46047752812500004 0.38184856875 0.4522257890625 0.38730339687500004
29 0.9017289249999999 0.27501895625 0.947702896875 0.24462777500000002 0.943516575 0.2328009046875 0.9271675859374999 0.21766310781249998 0.84902459375 0.20283478124999998 0.8429541734375 0.21171239218750001 0.9017289249999999 0.27501895625
28 0.8450465015624999 0.3043810640625 0.85267020625 0.3058277296875 0.8967382515625 0.2750748828125 0.8940061437500001 0.2655298671875 0.8414999609375 0.2094305359375 0.829160975 0.2111009125 0.793069275 0.23333781718750002 0.7881776781250001 0.241436165625 0.8450465015624999 0.3043810640625
39 0.79563514375 0.34515244843750004 0.8467761093749999 0.30972403593750003 0.8469524265624999 0.30474273125 0.7881776781250001 0.241436165625 0.7412012046875 0.2676253015625 0.732773146875 0.2780614359375 0.789917365625 0.34406745 0.79563514375 0.34515244843750004
33 0.46084865468749997 0.7399730609375 0.5097092234375 0.6930794453125 0.4423855109375 0.61110044375 0.43077363125 0.61391175 0.3903411203125 0.650369234375 0.3795554234375 0.6623638890625 0.4468791375 0.7443428875 0.46084865468749997 0.7399730609375
6 0.31745244375000004 0.714768259375 0.3175515203125 0.72281068125 0.38251759218750003 0.806348203125 0.38986590468750004 0.804733753125 0.44579939218750003 0.7531645703125001 0.44351899687499996 0.7416993671875 0.3798308171875 0.6654250046875 0.3724825046875 0.6670394546875 0.3301440671875 0.7031352734375 0.31745244375000004 0.714768259375
3 0.47750996093750003 0.355995 0.460653846875 0.37686726406250004 0.4623834546875 0.38221023593750003 0.53620746875 0.43232529062499997 0.5487227734375 0.42567360781249997 0.5800773625 0.3854876015625 0.581432503125 0.3797270359375 0.5739851140625001 0.37329906562500004 0.5083355953125 0.330752909375 0.49672371562500006 0.33356421406250003 0.47750996093750003 0.355995
11 0.7937812890625 0.6577218640625 0.8006778890625 0.6580276031250001 0.8423664640625 0.6077671328124999 0.8429944953125 0.6008656390625 0.765160478125 0.533942409375 0.7554545265625 0.53711538125 0.7259067875 0.5696206312500001 0.714493059375 0.5885167796874999 0.7937812890625 0.6577218640625
24 0.7610732312499999 0.5301579609375 0.7632545515625 0.5335807421875 0.84108856875 0.6005039734375 0.84798516875 0.6008097109375 0.886412678125 0.5559481374999999 0.8860382078125 0.5448446015624999 0.81111261875 0.4824850828125 0.8018583796875 0.4837378640625 0.772310640625 0.5162431171875 0.7610732312499999 0.5301579609375