9 0.1703341859375 0.819521003125 0.1414553375 0.7395372515624999 0.078251259375 0.7722677625000001 0.103160125 0.8627872999999999 0.1199030359375 0.860152434375 0.17067343125 0.8306317546875001 0.1703341859375 0.819521003125
10 0.20717710312499998 0.7049295703125 0.1923031140625 0.7069285609375 0.1446991734375 0.7333307734375001 0.17204834687499998 0.8250611515624999 0.19008879218750002 0.81994369375 0.23899026562499998 0.791058890625 0.20717710312499998 0.7049295703125
11 0.2685896390625 0.6697469218750001 0.2593224140625 0.6698382875 0.2085520171875 0.6993589671875 0.2088912609375 0.7104697171875001 0.239067646875 0.787970878125 0.302271725 0.7552403671875 0.2685896390625 0.6697469218750001
12 0.3047894140625 0.753363196875 0.31779448125 0.7520000812500001 0.368564878125 0.7224794015625 0.36936840625 0.7150620828124999 0.33114495 0.63825770625 0.3256155671875 0.637077321875 0.2729762484375 0.6672338765625 0.274458265625 0.6820380593750001 0.3047894140625 0.753363196875
1 0.4307035625 0.682967446875 0.43207847812500005 0.67739684375 0.3919861 0.60122834375 0.380849953125 0.601955584375 0.331948478125 0.6308403874999999 0.36692809843749996 0.7138512421875001 0.379933165625 0.7124881265624999 0.4307035625 0.682967446875
7 0.7994826796875001 0.2625531046875 0.7915129890625 0.260161878125 0.7429210375 0.2766946359375 0.7751984875 0.3442958859375 0.8293198203125 0.3289435140625 0.83012335 0.32152619531250004 0.7994826796875001 0.2625531046875
5 0.4708559109375 0.4856051203125 0.47223082656250004 0.48003451718749995 0.439875996875 0.41552127812500006 0.43621553593750007 0.41370501718749997 0.3855999015625 0.4370496734375 0.384796371875 0.44446699218749997 0.41528228125 0.50961610625 0.4708559109375 0.4856051203125
18 0.47646267499999995 0.48369749375 0.5283758453125 0.45787024687500005 0.4960983953125 0.3902689953125 0.48870009062499997 0.38972448593750003 0.4418223 0.411797390625 0.439875996875 0.41552127812500006 0.4728022140625 0.48188123281250006 0.47646267499999995 0.48369749375
22 0.7754659765625 0.5554610609374999 0.8260816125 0.5321164046875 0.8257423671874999 0.521005653125 0.7841976921875 0.45349576718750007 0.7256123671875 0.4744491984375 0.7265229984375 0.4874066640625 0.7661987515625001 0.555552425 0.7754659765625 0.5554610609374999
23 0.8862739953125001 0.49632833749999994 0.8428604 0.42945432656250004 0.78671538125 0.45161859687500006 0.788923546875 0.462093471875 0.8304682218749999 0.5296033578125 0.8884821609375001 0.5068032125 0.8862739953125001 0.49632833749999994
24 0.8909998484375 0.504926040625 0.898398153125 0.5054705515625 0.9490137859375001 0.48212589531249994 0.947377009375 0.4734977359375 0.9020944906249999 0.4072596 0.8890894234375001 0.40862271562499997 0.8472470078125 0.42694127968749995 0.8464434796875 0.4343585984375 0.8909998484375 0.504926040625
47 0.6284228374999999 0.3105483015625 0.65387336875 0.37945175781249996 0.7117325453125 0.362827634375 0.7113933015625 0.351716884375 0.685061859375 0.2933187578125 0.6284228374999999 0.3105483015625
42 0.6255720593749999 0.1778247125 0.62476853125 0.18524203125 0.6711641015625001 0.2317108015625 0.7169765 0.20285645156249998 0.6694381578125 0.15269425 0.6255720593749999 0.1778247125
43 0.674473534375 0.1489399078125 0.67367000625 0.1563572265625 0.7176252671875 0.20161515625 0.7621401328124999 0.1752433984375 0.71330425625 0.1275637875 0.674473534375 0.1489399078125
44 0.8073037640624999 0.14763034375 0.757170353125 0.10243332499999999 0.71833963125 0.1238094453125 0.7169647171875 0.1293800484375 0.7652292078125 0.17521294375000002 0.8040599281249999 0.153836821875 0.8073037640624999 0.14763034375
34 0.688722321875 0.29513501875000003 0.7153930078124999 0.3646438953125 0.773252184375 0.3480197734375 0.7751984875 0.3442958859375 0.74284365625 0.279782646875 0.688722321875 0.29513501875000003
39 0.27233979375 0.42149515312499997 0.2088144109375 0.39310130781249997 0.17569755468749998 0.43294458750000003 0.17302510625 0.4409977828125 0.24013356875 0.4742959 0.274053953125 0.4270353015625 0.27233979375 0.42149515312499997
28 0.2096953203125 0.3825959765625 0.20702286875000003 0.390649171875 0.27111963906250003 0.42088973281250003 0.30431387499999996 0.377958440625 0.23964571875 0.34587116406249996 0.2096953203125 0.3825959765625
29 0.33888302656249997 0.32945654687500003 0.2759290296875 0.30290941718750003 0.250442621875 0.3340331734375 0.244603715625 0.34520483281250003 0.30927187031250003 0.3772921109375 0.3405971859375 0.3349966953125 0.33888302656249997 0.32945654687500003
30 0.371505875 0.2846785390625 0.31091480625 0.2624302609375 0.2809644078125 0.299155075 0.28389872031249996 0.30530064375 0.34498379687499997 0.3324836484375 0.376309109375 0.29018823125000004 0.371505875 0.2846785390625
31 0.392421190625 0.2387810546875 0.338579659375 0.218318584375 0.31625970625 0.2463238734375 0.3109921859375 0.25934225 0.3758151046875 0.2852535046875 0.4021050421875 0.24671242968749998 0.392421190625 0.2387810546875
26 0.5377204515625 0.4546908703125 0.5864671640625 0.4319820890625 0.55232079375 0.36501671406249997 0.5318400421875 0.36892332968749997 0.4974733109375 0.3846983921875 0.49666978124999994 0.39211571093750003 0.5284532265624999 0.454782234375 0.5377204515625 0.4546908703125