0 0.580078125 0.2470703125 0.5634765625 0.232421875 0.5322265625 0.255859375 0.525390625 0.2646484375 0.5498046875 0.2890625 0.5859375 0.2587890625 0.580078125 0.2470703125
0 0.392578125 0.4638671875 0.3623046875 0.4453125 0.34375 0.4697265625 0.33203125 0.4912109375 0.3642578125 0.509765625 0.392578125 0.4697265625 0.392578125 0.4638671875
5 0.255859375 0.5205078125 0.2216796875 0.5 0.193359375 0.5380859375 0.189453125 0.5458984375 0.1923828125 0.548828125 0.2236328125 0.56640625 0.255859375 0.5205078125
6 0.6513671875 0.42578125 0.6455078125 0.42578125 0.6103515625 0.451171875 0.607421875 0.4580078125 0.6298828125 0.484375 0.671875 0.4541015625 0.6513671875 0.42578125
6 0.734375 0.5087890625 0.7099609375 0.48046875 0.6787109375 0.50390625 0.669921875 0.5166015625 0.6923828125 0.541015625 0.6982421875 0.541015625 0.734375 0.5087890625
7 0.3291015625 0.560546875 0.2802734375 0.58203125 0.27734375 0.5908203125 0.2919921875 0.62109375 0.34375 0.5966796875 0.3291015625 0.560546875
4 0.4150390625 0.431640625 0.412109375 0.4423828125 0.40625 0.4814453125 0.4443359375 0.48828125 0.453125 0.4384765625 0.4150390625 0.431640625
26 0.4677734375 0.470703125 0.455078125 0.4912109375 0.443359375 0.5166015625 0.4775390625 0.533203125 0.501953125 0.4853515625 0.4677734375 0.470703125
26 0.4658203125 0.34765625 0.44140625 0.3740234375 0.43359375 0.3876953125 0.4619140625 0.408203125 0.494140625 0.3681640625 0.4658203125 0.34765625
27 0.4599609375 0.259765625 0.45703125 0.2685546875 0.4560546875 0.294921875 0.5078125 0.2978515625 0.5087890625 0.263671875 0.4599609375 0.259765625
35 0.3798828125 0.193359375 0.37890625 0.2392578125 0.4150390625 0.240234375 0.4140625 0.1943359375 0.3798828125 0.193359375
36 0.7373046875 0.57421875 0.7080078125 0.587890625 0.703125 0.5947265625 0.7314453125 0.642578125 0.765625 0.6240234375 0.7373046875 0.57421875
36 0.5009765625 0.578125 0.4462890625 0.5703125 0.443359375 0.5810546875 0.439453125 0.6025390625 0.4423828125 0.611328125 0.49609375 0.6181640625 0.5009765625 0.578125
37 0.5556640625 0.625 0.5615234375 0.66796875 0.6171875 0.6591796875 0.6103515625 0.619140625 0.5556640625 0.625
38 0.3330078125 0.3046875 0.330078125 0.3154296875 0.3291015625 0.33984375 0.380859375 0.3447265625 0.3837890625 0.310546875 0.3330078125 0.3046875
39 0.1923828125 0.43359375 0.1572265625 0.447265625 0.158203125 0.4599609375 0.1767578125 0.498046875 0.212890625 0.4814453125 0.1923828125 0.43359375
31 0.4853515625 0.65234375 0.4326171875 0.66796875 0.4296875 0.6748046875 0.4423828125 0.7109375 0.49609375 0.6923828125 0.4853515625 0.65234375
40 0.810546875 0.4111328125 0.7822265625 0.384765625 0.7490234375 0.412109375 0.74609375 0.4189453125 0.7685546875 0.443359375 0.7744140625 0.443359375 0.810546875 0.4111328125
40 0.4189453125 0.26953125 0.40625 0.2685546875 0.39453125 0.2998046875 0.4423828125 0.318359375 0.455078125 0.2861328125 0.4189453125 0.26953125
45 0.6572265625 0.564453125 0.6064453125 0.548828125 0.599609375 0.5595703125 0.5947265625 0.587890625 0.6416015625 0.603515625 0.650390625 0.6025390625 0.6572265625 0.564453125
46 0.322265625 0.6884765625 0.2861328125 0.669921875 0.26953125 0.6982421875 0.2578125 0.7255859375 0.2880859375 0.7421875 0.2958984375 0.7421875 0.322265625 0.6884765625
47 0.3740234375 0.73828125 0.3671875 0.7392578125 0.341796875 0.7939453125 0.3798828125 0.8125 0.40625 0.7568359375 0.3740234375 0.73828125
51 0.2744140625 0.419921875 0.2451171875 0.43359375 0.240234375 0.4404296875 0.2646484375 0.484375 0.298828125 0.4677734375 0.2744140625 0.419921875
52 0.5537109375 0.47265625 0.5244140625 0.4921875 0.525390625 0.4990234375 0.5556640625 0.537109375 0.5859375 0.5146484375 0.5537109375 0.47265625
50 0.5517578125 0.3671875 0.5048828125 0.373046875 0.501953125 0.3876953125 0.5068359375 0.41015625 0.55859375 0.4013671875 0.5517578125 0.3671875
41 0.322265625 0.3740234375 0.3203125 0.4228515625 0.3583984375 0.42578125 0.361328125 0.3759765625 0.322265625 0.3740234375
44 0.6337890625 0.333984375 0.615234375 0.3486328125 0.59765625 0.3720703125 0.6259765625 0.392578125 0.658203125 0.3544921875 0.6337890625 0.333984375
18 0.314453125 0.3212890625 0.275390625 0.3232421875 0.2734375 0.3701171875 0.3095703125 0.373046875 0.314453125 0.3544921875 0.314453125 0.3212890625
22 0.36328125 0.2568359375 0.3603515625 0.24609375 0.3212890625 0.240234375 0.310546875 0.2431640625 0.3076171875 0.275390625 0.3544921875 0.283203125 0.359375 0.2802734375 0.36328125 0.2568359375
22 0.6103515625 0.705078125 0.6015625 0.7333984375 0.595703125 0.7626953125 0.6357421875 0.775390625 0.650390625 0.7177734375 0.6103515625 0.705078125
24 0.1728515625 0.369140625 0.169921875 0.4208984375 0.2080078125 0.419921875 0.208984375 0.3681640625 0.1728515625 0.369140625
17 0.4853515625 0.716796875 0.4912109375 0.759765625 0.548828125 0.7509765625 0.5419921875 0.708984375 0.4853515625 0.716796875