18 0.5537109375 0.08203125 0.4853515625 0.12109375 0.48828125 0.1337890625 0.5146484375 0.17578125 0.58203125 0.1337890625 0.5537109375 0.08203125
13 0.5517578125 0.404296875 0.515625 0.4365234375 0.494140625 0.4619140625 0.5322265625 0.5 0.587890625 0.4462890625 0.5517578125 0.404296875
13 0.66796875 0.7666015625 0.69140625 0.7236328125 0.6279296875 0.685546875 0.6015625 0.7236328125 0.59765625 0.7333984375 0.6025390625 0.73828125 0.6611328125 0.771484375 0.66796875 0.7666015625
19 0.6904296875 0.095703125 0.681640625 0.1025390625 0.658203125 0.1708984375 0.7099609375 0.193359375 0.736328125 0.1181640625 0.6904296875 0.095703125
21 0.662109375 0.2314453125 0.6240234375 0.158203125 0.5810546875 0.181640625 0.57421875 0.1884765625 0.6142578125 0.2578125 0.6279296875 0.25390625 0.662109375 0.2314453125
20 0.236328125 0.4873046875 0.2314453125 0.482421875 0.1455078125 0.470703125 0.138671875 0.5009765625 0.134765625 0.5283203125 0.1376953125 0.53125 0.2236328125 0.54296875 0.236328125 0.4873046875
22 0.4716796875 0.6875 0.4609375 0.7216796875 0.4580078125 0.744140625 0.5341796875 0.759765625 0.548828125 0.7060546875 0.4716796875 0.6875
24 0.3505859375 0.724609375 0.3017578125 0.748046875 0.296875 0.7568359375 0.3310546875 0.82421875 0.384765625 0.7998046875 0.3505859375 0.724609375
17 0.6484375 0.3740234375 0.6484375 0.3681640625 0.5986328125 0.3125 0.5634765625 0.341796875 0.556640625 0.3486328125 0.55859375 0.3564453125 0.6083984375 0.41015625 0.6484375 0.3740234375
15 0.6259765625 0.58984375 0.5537109375 0.61328125 0.5546875 0.6298828125 0.5693359375 0.66796875 0.640625 0.6435546875 0.6259765625 0.58984375
25 0.455078125 0.5224609375 0.3994140625 0.470703125 0.38671875 0.4775390625 0.357421875 0.5107421875 0.4189453125 0.56640625 0.453125 0.5302734375 0.455078125 0.5224609375
0 0.3759765625 0.10546875 0.34765625 0.1728515625 0.3486328125 0.185546875 0.4013671875 0.20703125 0.431640625 0.1298828125 0.3759765625 0.10546875
0 0.75 0.3134765625 0.7080078125 0.2578125 0.6708984375 0.28515625 0.6640625 0.2939453125 0.7119140625 0.35546875 0.751953125 0.3232421875 0.75 0.3134765625
8 0.2470703125 0.509765625 0.236328125 0.5361328125 0.2314453125 0.5703125 0.3134765625 0.587890625 0.330078125 0.5322265625 0.2470703125 0.509765625
9 0.48828125 0.8056640625 0.4326171875 0.81640625 0.443359375 0.8935546875 0.4482421875 0.896484375 0.4990234375 0.884765625 0.48828125 0.8056640625
10 0.3935546875 0.26171875 0.349609375 0.3154296875 0.34375 0.3291015625 0.3896484375 0.365234375 0.44140625 0.2998046875 0.3935546875 0.26171875
11 0.458984375 0.4208984375 0.4560546875 0.4140625 0.3935546875 0.373046875 0.38671875 0.3740234375 0.361328125 0.4130859375 0.3623046875 0.42578125 0.4248046875 0.46484375 0.431640625 0.4638671875 0.458984375 0.4208984375
48 0.287109375 0.6787109375 0.2998046875 0.62109375 0.2236328125 0.603515625 0.2177734375 0.603515625 0.212890625 0.6103515625 0.201171875 0.6533203125 0.2041015625 0.6640625 0.2744140625 0.6796875 0.287109375 0.6787109375
47 0.3427734375 0.240234375 0.2763671875 0.197265625 0.26953125 0.2001953125 0.251953125 0.2275390625 0.2421875 0.2490234375 0.3173828125 0.296875 0.34765625 0.2490234375 0.3427734375 0.240234375
49 0.4013671875 0.58984375 0.3447265625 0.6015625 0.34375 0.6123046875 0.3623046875 0.68359375 0.41796875 0.6689453125 0.4013671875 0.58984375
42 0.54296875 0.2275390625 0.4755859375 0.1875 0.466796875 0.1923828125 0.4453125 0.2392578125 0.5107421875 0.279296875 0.5185546875 0.279296875 0.54296875 0.2275390625
44 0.541015625 0.3310546875 0.4951171875 0.302734375 0.48828125 0.3056640625 0.4765625 0.3271484375 0.455078125 0.3701171875 0.455078125 0.3779296875 0.5048828125 0.40234375 0.541015625 0.3310546875
34 0.654296875 0.4892578125 0.6025390625 0.47265625 0.580078125 0.5380859375 0.578125 0.5458984375 0.5830078125 0.55078125 0.6298828125 0.564453125 0.654296875 0.4892578125
36 0.7265625 0.5283203125 0.6787109375 0.505859375 0.6484375 0.5673828125 0.646484375 0.5751953125 0.6513671875 0.580078125 0.6943359375 0.599609375 0.7265625 0.5283203125
37 0.77734375 0.6494140625 0.7275390625 0.630859375 0.705078125 0.6845703125 0.701171875 0.6962890625 0.7041015625 0.705078125 0.7490234375 0.720703125 0.77734375 0.6494140625
31 0.53515625 0.5673828125 0.4814453125 0.5546875 0.466796875 0.6044921875 0.4609375 0.6279296875 0.4638671875 0.634765625 0.5146484375 0.646484375 0.53515625 0.5673828125
26 0.724609375 0.4228515625 0.7177734375 0.4140625 0.6611328125 0.3828125 0.65234375 0.3896484375 0.63671875 0.4189453125 0.6328125 0.4287109375 0.6357421875 0.435546875 0.6982421875 0.46875 0.724609375 0.4228515625