19 0.5126604234375 0.5234636453125 0.5162149312500001 0.528389759375 0.5980871953125 0.5978431125 0.6177555703125 0.581089459375 0.7118985343750001 0.4732533 0.7042288906249999 0.4615506546875 0.6566966843750001 0.420366259375 0.6240385078124999 0.397648546875 0.5172524171874999 0.5147992296874999 0.5126604234375 0.5234636453125
24 0.07266550000000001 0.7080404359375 0.16289821875 0.7268200171875 0.18517898593749998 0.7254948171875 0.2235594734375 0.5629212015625 0.1315495 0.5416785625 0.10870810625 0.5411533484375 0.069027225 0.6858229625 0.0660217390625 0.7031268109375 0.07266550000000001 0.7080404359375
25 0.39598284375000004 0.4208027296875 0.3811900390625 0.2596792078125 0.2689394609375 0.27371935625 0.26565946406249996 0.2799082234375 0.27607422656249997 0.40276068593750003 0.2812990109375 0.43361759375000003 0.2873821453125 0.4366808046875 0.39598284375000004 0.4208027296875
14 0.4952461625 0.5272394109375 0.49642543593750005 0.429042503125 0.4779852921875 0.42602925156250004 0.330822425 0.430329575 0.32413225 0.5069341421875 0.3266376671875 0.5458303328125 0.4897120515625 0.546406165625 0.4952461625 0.5272394109375
17 0.657089775 0.3876339546875 0.6525815484375 0.413589728125 0.6573526828125 0.419128484375 0.8091797109375 0.44383465468749994 0.8204154656249999 0.44008386718750003 0.8250074609375 0.4314194515625 0.8422889953125001 0.331922321875 0.8350846078125 0.32515828125 0.68325758125 0.30045211250000003 0.6724870828125 0.3091415046875 0.657089775 0.3876339546875
42 0.640892140625 0.39202236562500004 0.65859251875 0.37898203124999996 0.6374678171875 0.322869415625 0.6123117484375 0.2772716328125 0.46192944531249996 0.34581127968750003 0.48015563749999995 0.3957600046875 0.5081148437499999 0.450609865625 0.640892140625 0.39202236562500004
37 0.1513016421875 0.5422162687500001 0.1616906546875 0.5458796312499999 0.2691700984375 0.526300725 0.27188946718749996 0.5182614437499999 0.2590298484375 0.41456324687499996 0.24763816093750002 0.3633517671875 0.1351968390625 0.38356829375 0.13303809687499998 0.39345799062500003 0.148128621875 0.5249373984375 0.1513016421875 0.5422162687500001
31 0.5201186578125 0.742049959375 0.57272878125 0.5788012546875 0.4693039109375 0.547106234375 0.45938015468750004 0.548381475 0.4077121453125 0.701127840625 0.4080820296875 0.709154634375 0.41416516249999996 0.71221784375 0.5201186578125 0.742049959375
31 0.62223550625 0.275996390625 0.6305727515624999 0.2660817140625 0.58962374375 0.1717604875 0.582979984375 0.1668468609375 0.43512630625000004 0.233523603125 0.44633885468749995 0.2705319109375 0.47953444999999995 0.3358591328125 0.62223550625 0.275996390625
4 0.3488114578125 0.5679728703125 0.348071690625 0.551919284375 0.25474971874999996 0.5331521921875 0.234341578125 0.5338522609374999 0.1970939484375 0.679747159375 0.19773834375 0.698888934375 0.3108124578125 0.71819373125 0.3488114578125 0.5679728703125
12 0.70864683125 0.7585794640625 0.77601240625 0.657644728125 0.6355513171875 0.5649609359375 0.6286214421875 0.5693118765625 0.5729684796875001 0.6510548796875 0.5670644874999999 0.662194840625 0.571179621875 0.6689713703125 0.70864683125 0.7585794640625