18 0.6558515953125 0.50591805625 0.609346090625 0.6133739375 0.688210353125 0.65408446875 0.7385349296875 0.5451888765625 0.6814313609375 0.51425988125 0.6558515953125 0.50591805625
24 0.6167236078125 0.267381734375 0.570218103125 0.37483761718749997 0.64800163125 0.41295808437500003 0.69686089375 0.3076123625 0.69234566875 0.300322078125 0.6167236078125 0.267381734375
25 0.681127009375 0.3405209921875 0.6516284140625 0.41458834062500005 0.7308772578125 0.44915893906250004 0.7761097390625 0.3421829609375 0.699599234375 0.3035825890625 0.681127009375 0.3405209921875
14 0.854974 0.3828934921875 0.8196311250000001 0.3617460328125 0.7759174468750001 0.34525292812499997 0.7308772578125 0.44915893906250004 0.7444594390625 0.4605248640625 0.8079281296874999 0.4890543421875 0.854974 0.3828934921875
15 0.8587930734375 0.38145378281250003 0.81101454375 0.4893895671875 0.8869846828125001 0.5266949078125001 0.933297896875 0.4223089921875 0.9305960625 0.41583383593749995 0.8587930734375 0.38145378281250003
16 1 0.44703123749999996 0.9360362359375 0.41827921874999996 0.8908037562500001 0.525255196875 0.9667738937499999 0.5625605390625 1 0.4876718109375 1 0.44703123749999996
17 0.38817561875 0.4434637890625 0.43232736562499996 0.33389775 0.3501843953125 0.295921959375 0.30529999218750004 0.407262934375 0.38817561875 0.4434637890625
45 0.8186722171874999 0.5854195046874999 0.7721667125 0.6928753859375 0.849217584375 0.7327707890624999 0.8969961124999999 0.6248350031250001 0.8315582453125 0.588055434375 0.8186722171874999 0.5854195046874999
44 0.3004001859375 0.40611258125000005 0.3481787140625 0.298176796875 0.270395184375 0.260056328125 0.2218839984375 0.3697670484375 0.3004001859375 0.40611258125000005
32 0.7708936890625 0.6933552890625 0.8175914828125 0.5828294421875 0.7385349296875 0.5451888765625 0.69129676875 0.6544196921875 0.7708936890625 0.6933552890625
31 0.2187975828125 0.3694318234375 0.2665761109375 0.26149603906249996 0.1857061671875 0.2230403453125 0.13846800625 0.3322711625 0.2187975828125 0.3694318234375
11 0.2215287046875 0.524271015625 0.21516358281249998 0.5266705328125 0.19649906875 0.5666789 0.16773313125 0.6389713140625 0.2487953671875 0.6743570421875 0.29877186718750004 0.561096453125 0.2215287046875 0.524271015625
12 0.3809148359375 0.59907224375 0.30239865 0.5627267078125 0.29784691875 0.565941353125 0.25060875781249997 0.6751721703125 0.32839228593750003 0.7132926390625001 0.3347574078125 0.710893121875 0.3809148359375 0.59907224375
1 0.38199557031250003 0.6016623046875 0.33402475 0.71266805625 0.4136216703125 0.751603653125 0.46433082968750006 0.6365681296875 0.38836069218749997 0.5992627875000001 0.38199557031250003 0.6016623046875
2 0.46614422187500004 0.6373832578124999 0.41744074375 0.7501639421874999 0.4970376640625 0.7890995390625 0.547014165625 0.6758389484375 0.49897755312500003 0.64898559375 0.46614422187500004 0.6373832578124999
3 0.5804536578125 0.826595425 0.6304301578125 0.7133348374999999 0.549019846875 0.6735841125 0.5008567375 0.7876598296874999 0.5804536578125 0.826595425