32 0.7138671875 0.732421875 0.76171875 0.6611328125 0.7099609375 0.626953125 0.662109375 0.6923828125 0.66015625 0.6982421875 0.6669921875 0.705078125 0.7060546875 0.732421875 0.7138671875 0.732421875
33 0.455078125 0.4638671875 0.4072265625 0.41015625 0.3642578125 0.443359375 0.361328125 0.4521484375 0.4150390625 0.513671875 0.4609375 0.4775390625 0.455078125 0.4638671875
35 0.705078125 0.2373046875 0.7001953125 0.228515625 0.6318359375 0.189453125 0.60546875 0.2275390625 0.59765625 0.2431640625 0.6044921875 0.25 0.6728515625 0.287109375 0.705078125 0.2373046875
36 0.248046875 0.3701171875 0.1904296875 0.35546875 0.173828125 0.4150390625 0.169921875 0.4345703125 0.1728515625 0.44140625 0.2294921875 0.453125 0.248046875 0.3701171875
37 0.888671875 0.6279296875 0.822265625 0.6259765625 0.8203125 0.7099609375 0.8251953125 0.71484375 0.8857421875 0.716796875 0.888671875 0.6279296875
38 0.2958984375 0.275390625 0.291015625 0.2802734375 0.275390625 0.3330078125 0.3564453125 0.361328125 0.375 0.3017578125 0.2958984375 0.275390625
29 0.5859375 0.2744140625 0.5546875 0.2373046875 0.5439453125 0.23046875 0.4814453125 0.283203125 0.478515625 0.2880859375 0.482421875 0.2939453125 0.5205078125 0.333984375 0.5859375 0.2744140625
30 0.3388671875 0.63671875 0.3291015625 0.638671875 0.2861328125 0.67578125 0.271484375 0.6943359375 0.3095703125 0.736328125 0.375 0.6806640625 0.3388671875 0.63671875
46 0.4462890625 0.705078125 0.3916015625 0.724609375 0.392578125 0.7392578125 0.4208984375 0.806640625 0.4765625 0.7880859375 0.4462890625 0.705078125
47 0.669921875 0.3818359375 0.6669921875 0.373046875 0.6005859375 0.328125 0.578125 0.3525390625 0.5625 0.3779296875 0.6318359375 0.427734375 0.638671875 0.4248046875 0.669921875 0.3818359375
48 0.7626953125 0.45703125 0.7041015625 0.474609375 0.701171875 0.4814453125 0.7314453125 0.55859375 0.791015625 0.5380859375 0.7626953125 0.45703125
51 0.36328125 0.6123046875 0.3408203125 0.53125 0.2841796875 0.544921875 0.28125 0.5498046875 0.3037109375 0.62890625 0.3154296875 0.62890625 0.36328125 0.6123046875
41 0.5673828125 0.63671875 0.607421875 0.5634765625 0.5537109375 0.533203125 0.513671875 0.6025390625 0.51171875 0.6083984375 0.5185546875 0.615234375 0.5595703125 0.63671875 0.5673828125 0.63671875
42 0.6201171875 0.423828125 0.5615234375 0.4375 0.560546875 0.4482421875 0.5830078125 0.5234375 0.642578125 0.5068359375 0.6201171875 0.423828125
3 0.2041015625 0.544921875 0.1455078125 0.55859375 0.142578125 0.5634765625 0.1650390625 0.642578125 0.22265625 0.6279296875 0.2041015625 0.544921875
6 0.6044921875 0.681640625 0.5986328125 0.681640625 0.548828125 0.7412109375 0.546875 0.7509765625 0.5927734375 0.787109375 0.6484375 0.7197265625 0.6044921875 0.681640625