22 0.26953125 0.5615234375 0.1865234375 0.556640625 0.18359375 0.5634765625 0.181640625 0.6748046875 0.2626953125 0.6796875 0.267578125 0.6474609375 0.26953125 0.5615234375
23 0.26953125 0.5595703125 0.267578125 0.6748046875 0.3505859375 0.677734375 0.35546875 0.5595703125 0.26953125 0.5595703125
14 0.138671875 0.2666015625 0.13671875 0.3779296875 0.2177734375 0.380859375 0.220703125 0.2646484375 0.138671875 0.2666015625
15 0.22265625 0.2666015625 0.220703125 0.3798828125 0.3017578125 0.3828125 0.3046875 0.2666015625 0.22265625 0.2666015625
16 0.388671875 0.2705078125 0.3076171875 0.267578125 0.3046875 0.3798828125 0.3095703125 0.384765625 0.3857421875 0.384765625 0.388671875 0.2705078125
17 0.470703125 0.2666015625 0.3916015625 0.265625 0.388671875 0.3798828125 0.3935546875 0.384765625 0.4697265625 0.384765625 0.470703125 0.2666015625
25 0.7451171875 0.697265625 0.7421875 0.8154296875 0.8251953125 0.818359375 0.826171875 0.7001953125 0.7451171875 0.697265625
18 0.6630859375 0.1953125 0.66015625 0.3115234375 0.7392578125 0.3125 0.7421875 0.2001953125 0.6630859375 0.1953125
45 0.578125 0.1943359375 0.576171875 0.3076171875 0.6572265625 0.310546875 0.66015625 0.1962890625 0.578125 0.1943359375
5 0.7451171875 0.197265625 0.7421875 0.3115234375 0.8212890625 0.314453125 0.822265625 0.2001953125 0.7451171875 0.197265625
6 0.6416015625 0.4765625 0.580078125 0.4794921875 0.578125 0.5927734375 0.6611328125 0.595703125 0.6640625 0.4814453125 0.6416015625 0.4765625
12 0.658203125 0.6982421875 0.57421875 0.6982421875 0.572265625 0.8134765625 0.5771484375 0.818359375 0.6552734375 0.818359375 0.658203125 0.6982421875
46 0.49609375 0.4794921875 0.49609375 0.5927734375 0.5751953125 0.595703125 0.578125 0.4794921875 0.49609375 0.4794921875
26 0.7041015625 0.478515625 0.6640625 0.4814453125 0.662109375 0.5947265625 0.7451171875 0.59765625 0.748046875 0.4833984375 0.7041015625 0.478515625
33 0.7490234375 0.482421875 0.748046875 0.5986328125 0.8271484375 0.6015625 0.830078125 0.4853515625 0.7490234375 0.482421875
52 0.66015625 0.6982421875 0.658203125 0.8173828125 0.7392578125 0.8203125 0.7421875 0.7001953125 0.66015625 0.6982421875