27 0.3972359390625 0.5045710890625 0.372304953125 0.5111230765625 0.31328795625 0.535897684375 0.3503985125 0.6501840203125 0.3600081234375 0.6514869375 0.437416171875 0.6182804015625 0.43891050781249996 0.610537215625 0.3972359390625 0.5045710890625
32 0.1569686515625 0.4670283890625 0.1604659125 0.4744551375 0.1670058484375 0.476335078125 0.249432496875 0.4477818875 0.21544561718750002 0.3428580953125 0.132618384375 0.3683773 0.1569686515625 0.4670283890625
33 0.3337270609375 0.4095497109375 0.2994206015625 0.3165012859375 0.21888887656249997 0.340345275 0.217768125 0.34615266562499997 0.2474565703125 0.43758173593749994 0.2509538328125 0.4450084828125 0.2559454296875 0.44469204375000004 0.333781065625 0.4194892796875 0.3337270609375 0.4095497109375
35 0.4558930421875 0.27216373437499997 0.383796171875 0.2931784625 0.3826754203125 0.2989858546875 0.4165812953125 0.3890002921875 0.4238954 0.3919784234375 0.49329617812500004 0.3696049203125 0.4947905125 0.36186173125 0.4558930421875 0.27216373437499997
40 0.2564943359375 0.6871132796875 0.2287278125 0.59594479375 0.21706127031250003 0.5695323734375 0.126600353125 0.6039488109375 0.1552760515625 0.7210644078125 0.16032165468749998 0.7306875359375 0.1653132515625 0.730371096875 0.255373584375 0.6929206703124999 0.2564943359375 0.6871132796875
48 0.7065167328124999 0.731244628125 0.7168465109375 0.7237061671875 0.6837418078125 0.6397597015625001 0.6658819109375 0.6045617609375 0.5980294734375 0.62913164375 0.5873261109375 0.6386059015625001 0.6278529265625 0.745409634375 0.63407328125 0.7591649390625 0.639064878125 0.7588484984375 0.7065167328124999 0.731244628125
0 0.4531832609375 0.48037350468750006 0.3983836921875 0.5037334828125 0.43736216875 0.6083408343750001 0.44085943125 0.61576758125 0.44392910781249995 0.6151905578125 0.5236326609375 0.580308809375 0.478114246875 0.47382152031249997 0.4531832609375 0.48037350468750006
8 0.7927332203125 0.6932730359375 0.7965500640625 0.6888244171875 0.7518058203125 0.5834353171875 0.7463866359375 0.5757479875 0.74062086875 0.5749662375 0.6746903515625 0.5997967015625 0.668578003125 0.605920534375 0.71567175625 0.7195739890625 0.7229858609375001 0.72255211875 0.7927332203125 0.6932730359375
1 0.621605946875 0.3025776703125 0.5510574140625 0.32578878125 0.5519125890625001 0.3417963234375 0.58458970625 0.41773901562500004 0.593078565625 0.424849325 0.6574877453125 0.40279226250000005 0.6655220171875 0.39692901406250003 0.621605946875 0.3025776703125
2 0.6906331406249999 0.2821399671875 0.6243020359375 0.3039364453125 0.66007583125 0.3842718984375 0.6682181078125 0.3982877875 0.6712877828125 0.3977107640625 0.7334014578125 0.37732891562500004 0.7360435453124999 0.3687481203125 0.6906331406249999 0.2821399671875
3 0.794367378125 0.3577846734375 0.8046971546874999 0.3502462125 0.764705934375 0.2713253890625 0.75928675 0.2636380578125 0.7535209828125 0.2628563078125 0.699067996875 0.27931070625 0.6948775687500001 0.28569511875 0.7372183 0.372880296875 0.7429840671875 0.373662046875 0.794367378125 0.3577846734375
4 0.8326123765625001 0.25669507343750003 0.8221745921875 0.2443543984375 0.761982840625 0.26499683125 0.8046971546874999 0.3502462125 0.8120112609374999 0.3532243421875 0.8656900765625 0.3356717546875 0.8718024265625001 0.3295479234375 0.8326123765625001 0.25669507343750003
13 0.2576872171875 0.5531896890625 0.2220528671875 0.5692159328125 0.25494599687499997 0.6849168999999999 0.25881684374999997 0.6904078499999999 0.263808440625 0.690091409375 0.35002492812499997 0.6521198171875 0.31021827968750004 0.5364747078125001 0.2576872171875 0.5531896890625
21 0.5029775421875 0.666898509375 0.50148320625 0.6746416984375 0.517502184375 0.7244884093749999 0.5416904406249999 0.79332079375 0.5486309625 0.798234721875 0.63255194375 0.7619383421875 0.5865519421875 0.6375077124999999 0.5029775421875 0.666898509375
26 0.37880457500000003 0.2934949046875 0.30249027812499996 0.3159242625 0.333353478125 0.411485509375 0.3368507390625 0.41891225624999995 0.3399204140625 0.41833523437500003 0.41583412812500004 0.3928718875 0.4142317859375 0.3807359375 0.37880457500000003 0.2934949046875