5 0.5476805984374999 0.209391784375 0.5499230734375 0.12046294375 0.4828234734375 0.1151826109375 0.48024030156249997 0.2099681484375 0.5476805984374999 0.209391784375
6 0.5519864937500001 0.118578884375 0.5504350312499999 0.21242239375 0.6178753296874999 0.2118460296875 0.6204969640625 0.18357274375 0.6163316625 0.1208286078125 0.5519864937500001 0.118578884375
7 0.6212630796874999 0.12002292656249999 0.620743328125 0.21292440468749999 0.686233771875 0.2122798671875 0.6904645625 0.18993145312499998 0.686412828125 0.1252350859375 0.6212630796874999 0.12002292656249999
8 0.7621548812500001 0.2002628015625 0.7586709765624999 0.1258052703125 0.6914578109375 0.12247717031250001 0.6881355499999999 0.1292077234375 0.6910516234374999 0.2134264171875 0.7584919218749999 0.212850053125 0.7621548812500001 0.2002628015625
8 0.42637569218750004 0.48097520625 0.421273015625 0.383964740625 0.3556690046875 0.3865615109375 0.35155178125000003 0.4069576921875 0.3567584078125 0.4853878609375 0.3614626921875 0.4884866453125 0.42637569218750004 0.48097520625
9 0.4363520921875 0.4774116078125 0.49530196562500006 0.47164788281250003 0.4987377921875 0.462965096875 0.49214914218750005 0.374705590625 0.42654513281249995 0.3773023609375 0.42276860625 0.3918418453125 0.4277481015625 0.47417647812499997 0.4363520921875 0.4774116078125
10 0.571336640625 0.457678584375 0.5629117031249999 0.367398671875 0.49524427343750005 0.3718795015625 0.49851065937500005 0.4668695609375 0.5129642125 0.470309209375 0.5680143796875 0.4644091375 0.571336640625 0.457678584375
27 0.80138090625 0.3992107984375 0.7765525625 0.305423065625 0.70923544375 0.320675259375 0.733032078125 0.4154050234375 0.80138090625 0.3992107984375
32 0.7824021234375 0.305627584375 0.7793069921875 0.30845367343749996 0.8060851906250001 0.40230958125000005 0.8725977296874999 0.38409495 0.8438696796875 0.2901708703125 0.7824021234375 0.305627584375
33 0.851896225 0.286539096875 0.8484603984374999 0.29522188437499997 0.8756928609375001 0.38126886249999997 0.9422054 0.36305423124999997 0.9133637828125 0.27108238125 0.851896225 0.286539096875
39 0.1967682796875 0.6998669265624999 0.1994668375 0.8046181484374999 0.269084121875 0.8002054921875 0.27240638281249996 0.7934749375 0.2663855640625 0.6954542703125 0.1967682796875 0.6998669265624999
28 0.2847965171875 0.798798646875 0.34580981093749996 0.7911508625 0.34116139843750004 0.6863314671875 0.33840696718749996 0.6833008578124999 0.2715441125 0.690744121875 0.267654021875 0.7072358390625 0.2722928171875 0.7954271703125 0.2847965171875 0.798798646875
29 0.41818152499999994 0.789768815625 0.42345364218750003 0.7831064359375 0.41559653281250003 0.6830653609375 0.406992540625 0.67983023125 0.3440293953125 0.68740984375 0.34684152031250004 0.7902088328125 0.35728179843749996 0.79546436875 0.41818152499999994 0.789768815625
26 0.13827864843749998 0.3114718015625 0.12113615312499999 0.2199089921875 0.0578323078125 0.2333453015625 0.054396481249999996 0.2420280875 0.0700433875 0.32571379375 0.0796790875 0.3280068921875 0.13827864843749998 0.3114718015625
49 0.127099278125 0.21816128125 0.1236634515625 0.2268440671875 0.1393103578125 0.3105297703125 0.2055957640625 0.29621960625 0.18845326874999999 0.2046567984375 0.127099278125 0.21816128125
50 0.2768125890625 0.28110375625 0.257720240625 0.18947277499999998 0.1944163953125 0.2029090859375 0.192703290625 0.2155645109375 0.208577328125 0.2953457484375 0.216263178125 0.2975706765625 0.2768125890625 0.28110375625
43 0 0.724918775 0.0613102359375 0.6941527546875 0.029146357812500003 0.608911459375 0.018706078125 0.603655925 0 0.6121198625 0 0.724918775
47 0.8224711859375 0.5740502703125 0.7964320781249999 0.5682493484375 0.74860388125 0.5675552140625 0.740862159375 0.6670509 0.7454528781249999 0.672101915625 0.8155340421874999 0.67650839375 0.8224711859375 0.5740502703125
48 0.896224925 0.5824975593749999 0.8877345 0.5773101984375 0.8243074734375 0.5760706765625 0.8165657515625 0.6755663625 0.8328555921874999 0.6810264187499999 0.8892877828125 0.6849556812500001 0.896224925 0.5824975593749999