27 0.7021484375 0.3203125 0.68359375 0.3525390625 0.6796875 0.3642578125 0.7099609375 0.380859375 0.73046875 0.3369140625 0.7021484375 0.3203125
27 0.6982421875 0.6796875 0.69140625 0.6865234375 0.6796875 0.7294921875 0.7099609375 0.7421875 0.728515625 0.6943359375 0.6982421875 0.6796875
35 0.2509765625 0.53125 0.22265625 0.5615234375 0.21484375 0.5751953125 0.2470703125 0.59765625 0.28125 0.5537109375 0.2509765625 0.53125
35 0.271484375 0.7490234375 0.2705078125 0.787109375 0.328125 0.7861328125 0.3271484375 0.744140625 0.271484375 0.7490234375
36 0.6396484375 0.275390625 0.6181640625 0.287109375 0.611328125 0.2958984375 0.6376953125 0.3359375 0.666015625 0.3173828125 0.6396484375 0.275390625
36 0.1923828125 0.62109375 0.185546875 0.6552734375 0.1865234375 0.6796875 0.2255859375 0.681640625 0.234375 0.6259765625 0.1923828125 0.62109375
37 0.421875 0.4462890625 0.3896484375 0.412109375 0.3662109375 0.4296875 0.361328125 0.4384765625 0.3955078125 0.474609375 0.423828125 0.4541015625 0.421875 0.4462890625
38 0.3291015625 0.685546875 0.3349609375 0.724609375 0.390625 0.7119140625 0.3818359375 0.673828125 0.3291015625 0.685546875
39 0.4560546875 0.5078125 0.435546875 0.5380859375 0.4296875 0.5517578125 0.4599609375 0.572265625 0.486328125 0.5263671875 0.4560546875 0.5078125
37 0.6259765625 0.72265625 0.60546875 0.7568359375 0.6015625 0.7705078125 0.6318359375 0.787109375 0.65625 0.7392578125 0.6259765625 0.72265625
28 0.2744140625 0.345703125 0.2373046875 0.3515625 0.236328125 0.3642578125 0.2490234375 0.408203125 0.287109375 0.3994140625 0.2744140625 0.345703125
29 0.4521484375 0.29296875 0.435546875 0.3095703125 0.4296875 0.3232421875 0.4716796875 0.3515625 0.4921875 0.3232421875 0.4521484375 0.29296875
30 0.3095703125 0.400390625 0.296875 0.4267578125 0.2890625 0.4521484375 0.3271484375 0.46484375 0.345703125 0.4150390625 0.3095703125 0.400390625
30 0.6865234375 0.455078125 0.6708984375 0.46484375 0.658203125 0.4775390625 0.6904296875 0.515625 0.71484375 0.4912109375 0.6865234375 0.455078125
31 0.5087890625 0.359375 0.501953125 0.3779296875 0.49609375 0.4091796875 0.5302734375 0.41796875 0.54296875 0.3701171875 0.5087890625 0.359375
31 0.6064453125 0.33203125 0.58203125 0.3330078125 0.580078125 0.3818359375 0.6142578125 0.384765625 0.619140625 0.3369140625 0.6064453125 0.33203125
0 0.8134765625 0.369140625 0.7724609375 0.3828125 0.771484375 0.3916015625 0.7822265625 0.416015625 0.82421875 0.4033203125 0.8134765625 0.369140625
0 0.4462890625 0.748046875 0.3974609375 0.7421875 0.390625 0.7626953125 0.3916015625 0.783203125 0.4423828125 0.7890625 0.451171875 0.7529296875 0.4462890625 0.748046875
5 0.4033203125 0.4921875 0.3525390625 0.486328125 0.34765625 0.5009765625 0.3466796875 0.525390625 0.3896484375 0.53125 0.40234375 0.5283203125 0.4033203125 0.4921875
5 0.82421875 0.5166015625 0.8173828125 0.484375 0.7744140625 0.490234375 0.771484375 0.4951171875 0.7783203125 0.525390625 0.8056640625 0.5234375 0.82421875 0.5166015625
6 0.365234375 0.3251953125 0.3271484375 0.32421875 0.32421875 0.3271484375 0.330078125 0.3759765625 0.3681640625 0.376953125 0.365234375 0.3251953125
6 0.5927734375 0.287109375 0.5517578125 0.279296875 0.54296875 0.2822265625 0.5419921875 0.31640625 0.5732421875 0.322265625 0.591796875 0.3193359375 0.5927734375 0.287109375
7 0.6396484375 0.58203125 0.630859375 0.5869140625 0.619140625 0.6298828125 0.6513671875 0.642578125 0.66796875 0.5947265625 0.6396484375 0.58203125
8 0.1865234375 0.37890625 0.1376953125 0.404296875 0.13671875 0.4111328125 0.1552734375 0.439453125 0.20703125 0.4130859375 0.1865234375 0.37890625
9 0.3642578125 0.265625 0.3701171875 0.3046875 0.421875 0.2978515625 0.4150390625 0.26171875 0.3642578125 0.265625
11 0.5458984375 0.720703125 0.52734375 0.7626953125 0.5283203125 0.775390625 0.5595703125 0.78515625 0.578125 0.7333984375 0.5458984375 0.720703125
3 0.2998046875 0.638671875 0.2685546875 0.654296875 0.263671875 0.6611328125 0.2900390625 0.70703125 0.326171875 0.6865234375 0.2998046875 0.638671875
3 0.5771484375 0.671875 0.58203125 0.6650390625 0.5703125 0.6201171875 0.5634765625 0.6171875 0.5361328125 0.625 0.533203125 0.6337890625 0.544921875 0.6767578125 0.5498046875 0.6796875 0.5771484375 0.671875
4 0.7236328125 0.533203125 0.6943359375 0.544921875 0.69140625 0.5478515625 0.7119140625 0.591796875 0.744140625 0.5771484375 0.7236328125 0.533203125
26 0.7275390625 0.40234375 0.7001953125 0.412109375 0.697265625 0.4189453125 0.7138671875 0.4609375 0.74609375 0.4482421875 0.7275390625 0.40234375
26 0.517578125 0.4619140625 0.4892578125 0.439453125 0.4609375 0.4716796875 0.45703125 0.4775390625 0.4814453125 0.5 0.4873046875 0.5 0.517578125 0.4619140625
13 0.4833984375 0.216796875 0.4873046875 0.25390625 0.537109375 0.2490234375 0.5322265625 0.212890625 0.4833984375 0.216796875
19 0.1806640625 0.482421875 0.1455078125 0.48828125 0.15234375 0.5439453125 0.1943359375 0.5390625 0.1875 0.4853515625 0.1806640625 0.482421875
20 0.7705078125 0.591796875 0.7724609375 0.626953125 0.8203125 0.6240234375 0.8154296875 0.58984375 0.7705078125 0.591796875
22 0.4873046875 0.56640625 0.474609375 0.6025390625 0.4736328125 0.619140625 0.5068359375 0.626953125 0.521484375 0.5771484375 0.4873046875 0.56640625
22 0.2841796875 0.826171875 0.2822265625 0.869140625 0.341796875 0.8603515625 0.3369140625 0.8203125 0.2841796875 0.826171875
23 0.4716796875 0.703125 0.4609375 0.7373046875 0.4580078125 0.7578125 0.4931640625 0.765625 0.5078125 0.7138671875 0.4716796875 0.703125
24 0.4619140625 0.619140625 0.4345703125 0.638671875 0.43359375 0.6474609375 0.4619140625 0.685546875 0.4921875 0.6630859375 0.4619140625 0.619140625
17 0.4658203125 0.423828125 0.46875 0.4189453125 0.45703125 0.3720703125 0.4228515625 0.376953125 0.419921875 0.3818359375 0.4296875 0.4267578125 0.4384765625 0.4296875 0.4658203125 0.423828125
17 0.5341796875 0.490234375 0.4970703125 0.517578125 0.49609375 0.5263671875 0.5146484375 0.548828125 0.5546875 0.5205078125 0.5341796875 0.490234375
15 0.69921875 0.8173828125 0.6865234375 0.78515625 0.6416015625 0.802734375 0.638671875 0.8076171875 0.6513671875 0.83984375 0.6630859375 0.837890625 0.69921875 0.8173828125
45 0.5595703125 0.40625 0.537109375 0.4326171875 0.5732421875 0.466796875 0.595703125 0.4404296875 0.5595703125 0.40625
47 0.396484375 0.5908203125 0.3544921875 0.55859375 0.33203125 0.5830078125 0.328125 0.5888671875 0.3349609375 0.595703125 0.3720703125 0.62109375 0.396484375 0.5908203125
49 0.4384765625 0.8359375 0.3876953125 0.84765625 0.38671875 0.8623046875 0.3935546875 0.888671875 0.447265625 0.8759765625 0.4384765625 0.8359375
50 0.646484375 0.6943359375 0.6181640625 0.654296875 0.591796875 0.6728515625 0.591796875 0.6806640625 0.6181640625 0.71875 0.646484375 0.7001953125 0.646484375 0.6943359375
51 0.61328125 0.5810546875 0.6181640625 0.548828125 0.5732421875 0.537109375 0.56640625 0.5439453125 0.560546875 0.5712890625 0.5634765625 0.57421875 0.6025390625 0.583984375 0.61328125 0.5810546875
51 0.76953125 0.6513671875 0.7412109375 0.6328125 0.736328125 0.6357421875 0.716796875 0.6787109375 0.7412109375 0.693359375 0.7490234375 0.693359375 0.76953125 0.6513671875
52 0.3056640625 0.25390625 0.2529296875 0.26171875 0.251953125 0.2724609375 0.2607421875 0.30078125 0.314453125 0.2900390625 0.3056640625 0.25390625
41 0.4814453125 0.80078125 0.4853515625 0.83984375 0.5390625 0.8291015625 0.5322265625 0.791015625 0.4814453125 0.80078125
41 0.673828125 0.3935546875 0.673828125 0.3876953125 0.6513671875 0.365234375 0.6171875 0.3994140625 0.6376953125 0.423828125 0.6435546875 0.423828125 0.673828125 0.3935546875
42 0.2646484375 0.443359375 0.2333984375 0.4609375 0.23046875 0.4658203125 0.2626953125 0.509765625 0.294921875 0.4892578125 0.2646484375 0.443359375
44 0.5927734375 0.466796875 0.572265625 0.4892578125 0.5703125 0.4951171875 0.6083984375 0.525390625 0.630859375 0.4970703125 0.5927734375 0.466796875