9 0.40920135625 0.33152210000000004 0.4548358515625 0.2336781609375 0.4552861234375 0.22627460156249998 0.3805996828125 0.1916753234375 0.3358502296875 0.2834410546875 0.3323333234375 0.2946605125 0.3401901578125 0.301059040625 0.386919653125 0.3250314875 0.40920135625 0.33152210000000004
10 0.52260541875 0.47098442656249995 0.527403371875 0.476834396875 0.5950947640625001 0.512050309375 0.6486015968750001 0.4118759859375 0.5791711328125 0.37135866093750003 0.5752349640625 0.372523853125 0.52260541875 0.47098442656249995
11 0.7180398109375 0.44802885468750003 0.6516604781249999 0.41242454375 0.5968415874999999 0.512987265625 0.6051331906249999 0.520711146875 0.66758410625 0.5531161921875001 0.6737096218749999 0.5498488515625 0.722837765625 0.453878825 0.7180398109375 0.44802885468750003
12 0.722837765625 0.453878825 0.6719550453124999 0.553276353125 0.740950740625 0.5924683234375 0.747945790625 0.5918516890625 0.7970816859375 0.49151720625 0.7267739343749999 0.45271363124999997 0.722837765625 0.453878825
1 0.5483116609375001 0.764363975 0.5522323265625 0.7719276953125 0.61992371875 0.8071436078125 0.675177375 0.7079062406250001 0.6738730703125 0.70393018125 0.60313055 0.6638012546875001 0.5483116609375001 0.764363975
26 0.40628266875 0.4981482421875 0.4049783640625 0.49417218281249997 0.33335855625 0.45575700625 0.27679284375 0.5553827703125 0.278097146875 0.5593588296875 0.306915878125 0.5770008234375 0.3484049 0.5981624046875 0.353653125 0.596608815625 0.40628266875 0.4981482421875
49 0.3314637875 0.2920098078125 0.379295378125 0.187699265625 0.30679828124999997 0.1509978375 0.3028621125 0.1521630296875 0.2598672359375 0.2405012609375 0.254595753125 0.2551482203125 0.2607057640625 0.2606097921875 0.32752761874999997 0.2931749984375 0.3314637875 0.2920098078125
52 0.25518621874999997 0.4149193609375 0.20167938593749998 0.5150936828125 0.2741687296875 0.556159565625 0.33029967656250003 0.4552084484375 0.32375489687500003 0.448421521875 0.25912238906249996 0.41375416718749997 0.25518621874999997 0.4149193609375
41 0.69329035 0.8464957406250001 0.7485440078125001 0.7472583734375 0.67911354375 0.7067410484375001 0.6225478296875 0.8063668140625 0.6273457828125 0.8122167843750001 0.69329035 0.8464957406250001
42 0.42614246875 0.637674696875 0.4822734140625 0.5367235781249999 0.4110961265625 0.4952692984375 0.353653125 0.596608815625 0.358451078125 0.602458784375 0.42614246875 0.637674696875
43 0.42876658125 0.636897903125 0.4300708859375 0.6408739609375 0.5003786375 0.6796775359375 0.5565095828125 0.5787264171875 0.4853322953125 0.5372721375 0.4813961265625 0.5384373296875 0.42876658125 0.636897903125
36 0.47950135781250003 0.37469013125 0.4834375265625 0.3735249390625 0.5264324031250001 0.2851867078125 0.53039958125 0.2665636890625 0.46139613281249997 0.231736175 0.455713140625 0.2319644109375 0.4074467796875 0.33494959999999996 0.40875108437499996 0.33892565937499997 0.4292782125 0.3488437734375 0.47950135781250003 0.37469013125
14 0.735384684375 0.77296463125 0.6950371750000001 0.8474326968750001 0.7644676375 0.8879500203124999 0.8210333515625001 0.78832425625 0.7516028890625 0.74780693125 0.735384684375 0.77296463125