34 0.18374816562500002 0.5525114578125 0.1478548171875 0.4493346734375 0.0677869515625 0.46752765937499996 0.0696474234375 0.48435764375 0.10686805156250001 0.5851834890625 0.1856086390625 0.5693414421874999 0.18374816562500002 0.5525114578125
38 0.271972575 0.5486216953125 0.2646101171875 0.512786609375 0.23664642812499997 0.430065009375 0.2305772390625 0.42643980625 0.15039593281250002 0.4477087734375 0.18759955625 0.56581503125 0.22746332812499997 0.5613325078125 0.271972575 0.5486216953125
30 0.25177968281249996 0.42338559375000007 0.28953350625 0.5433923625 0.37390652343749997 0.5261990265625001 0.33990765624999997 0.4052914 0.3319609921875 0.4021166265625 0.25177968281249996 0.42338559375000007
5 0.48467766093750003 0.49962370156249997 0.45012859218749995 0.3768155640625 0.3644282953125 0.3963598390625 0.4008548390625 0.5187175468749999 0.48467766093750003 0.49962370156249997
6 0.4545471859375 0.3747392359375 0.4866685765625 0.49609729218750004 0.498370196875 0.49837120781250005 0.57159179375 0.4808044671875 0.54079768125 0.357095471875 0.4545471859375 0.3747392359375
8 0.661710684375 0.45918386250000004 0.6303663734375 0.3335743578125 0.5427886 0.3535690609375 0.5760103875 0.4787281390625 0.661710684375 0.45918386250000004
9 0.663701603125 0.455657453125 0.68479060625 0.4556792234375 0.7523797734375 0.43946376875000004 0.754597571875 0.4297853984375 0.724790415625 0.3129534046875 0.71684375 0.30977863125 0.63611224375 0.3291470890625 0.6322438499999999 0.33312392812499997 0.63641855625 0.354479971875 0.663701603125 0.455657453125
12 0.8612734312500001 0.4133388734375 0.8312563984375 0.2853784265625 0.7431284265625 0.303472621875 0.73926003125 0.3074494609375 0.7439849374999999 0.330706015625 0.7712679828125 0.431883496875 0.828029046875 0.42334710937500003 0.8612734312500001 0.4133388734375
3 0.8507357390625 0.3448569125 0.8650283859375 0.4124380140625 0.9544836359375 0.39199287968749996 0.9257938812500001 0.261681496875 0.8356749906250001 0.2833021 0.8507357390625 0.3448569125
13 0.35014036875 0.6660464515625 0.3534585640625 0.6601691015625 0.3180189765625 0.5446883953125 0.3100723109375 0.5415136203124999 0.22989100312500002 0.5627825890625 0.23285187343749997 0.5834135921875 0.2676448265625 0.6827893578124999 0.35014036875 0.6660464515625
20 0.47084908593749997 0.6391194890625 0.438177496875 0.515860921875 0.351927 0.5335046890624999 0.38647606875 0.6563128265625 0.47084908593749997 0.6391194890625
21 0.5596406984375 0.619849825 0.526418909375 0.4946907484375 0.43884113593749996 0.514685453125 0.47284000312499996 0.6355930796875 0.5596406984375 0.619849825
47 0.7922435453125 0.43498124687499995 0.701687896875 0.45162535937500004 0.6981428203125 0.46365466875 0.732255128125 0.5814863140625001 0.8203831015624999 0.5633921203125001 0.821500503125 0.5499127296874999 0.7922435453125 0.43498124687499995