18 0.23828125 0.6201171875 0.234375 0.7568359375 0.2392578125 0.76171875 0.33203125 0.7626953125 0.3359375 0.7607421875 0.33984375 0.6201171875 0.2412109375 0.6171875 0.23828125 0.6201171875
19 0.4013671875 0.6171875 0.3447265625 0.6171875 0.33984375 0.6240234375 0.3359375 0.7587890625 0.3388671875 0.76171875 0.3857421875 0.763671875 0.435546875 0.7626953125 0.439453125 0.7294921875 0.44140625 0.6220703125 0.4384765625 0.619140625 0.4013671875 0.6171875
20 0.4375 0.7607421875 0.4912109375 0.765625 0.537109375 0.7646484375 0.541015625 0.6220703125 0.4443359375 0.619140625 0.44140625 0.6240234375 0.4375 0.7607421875
23 0.0927734375 0.296875 0.08984375 0.2998046875 0.08984375 0.4326171875 0.0927734375 0.435546875 0.1875 0.4345703125 0.19140625 0.4306640625 0.19140625 0.2978515625 0.1865234375 0.294921875 0.0927734375 0.296875
24 0.193359375 0.2978515625 0.19140625 0.4326171875 0.1943359375 0.435546875 0.291015625 0.4345703125 0.29296875 0.2978515625 0.2880859375 0.294921875 0.1962890625 0.294921875 0.193359375 0.2978515625
25 0.2958984375 0.29296875 0.294921875 0.4326171875 0.384765625 0.4345703125 0.39453125 0.4306640625 0.39453125 0.2958984375 0.3916015625 0.29296875 0.2958984375 0.29296875
17 0.8232421875 0.21875 0.822265625 0.3544921875 0.8251953125 0.357421875 0.9140625 0.3583984375 0.919921875 0.3544921875 0.91796875 0.2216796875 0.9130859375 0.21875 0.8232421875 0.21875
28 0.654296875 0.6611328125 0.6630859375 0.666015625 0.75390625 0.6650390625 0.755859375 0.5263671875 0.6572265625 0.5234375 0.654296875 0.5263671875 0.654296875 0.6611328125
29 0.755859375 0.5263671875 0.755859375 0.6611328125 0.7587890625 0.6640625 0.8515625 0.6630859375 0.853515625 0.5263671875 0.8486328125 0.5234375 0.7587890625 0.5234375 0.755859375 0.5263671875
30 0.8681640625 0.666015625 0.951171875 0.6650390625 0.953125 0.5283203125 0.8564453125 0.525390625 0.853515625 0.6630859375 0.8681640625 0.666015625
31 0.525390625 0.2177734375 0.52734375 0.3525390625 0.623046875 0.3525390625 0.625 0.2158203125 0.6220703125 0.212890625 0.5283203125 0.212890625 0.525390625 0.2177734375
44 0.6298828125 0.21484375 0.626953125 0.2177734375 0.625 0.2666015625 0.625 0.3505859375 0.6357421875 0.35546875 0.720703125 0.3544921875 0.724609375 0.3505859375 0.724609375 0.2197265625 0.6904296875 0.21484375 0.6298828125 0.21484375
4 0.724609375 0.3544921875 0.7314453125 0.357421875 0.8203125 0.3564453125 0.8203125 0.2216796875 0.8134765625 0.21875 0.7255859375 0.21875 0.724609375 0.3544921875