0 0.61815959375 0.293578284375 0.6018700359375 0.276560653125 0.570017928125 0.2950594765625 0.5629648921875 0.3027338125 0.5868531531250001 0.3306050125 0.6237561546875 0.3060717234375 0.61815959375 0.293578284375
0 0.425270878125 0.48002780312500004 0.3953761921875 0.4570762234375 0.376219225 0.47845936250000004 0.363978671875 0.49797251875 0.395829959375 0.5212190125 0.42513425781249997 0.48583215625 0.425270878125 0.48002780312500004
5 0.2869881125 0.515492725 0.2532257625 0.49001653593750005 0.22396700468750003 0.5234686078124999 0.2198716421875 0.5306179203125 0.2227382328125 0.5339624640625 0.2536339921875 0.5560941109375 0.2869881125 0.515492725
6 0.6854085953125 0.4813753140625 0.6795387921875 0.48049057968750003 0.64372794375 0.5003343640625 0.6406336484375 0.506663740625 0.66251976875 0.5361748109375 0.705292575 0.5125262578124999 0.6854085953125 0.4813753140625
6 0.7666286875 0.5761373921875 0.7428315046875 0.5443966234375 0.7109793984375 0.562895446875 0.70187868125 0.5741444421875 0.7238103406249999 0.601720728125 0.72968014375 0.6026054640625 0.7666286875 0.5761373921875
7 0.31001110625 0.5801248234374999 0.3068712734375 0.588388984375 0.3208399078125 0.620589978125 0.3732590984375 0.6042203359375 0.3594270859375 0.566214990625 0.31001110625 0.5801248234374999
4 0.4453378359375 0.4616942953125 0.438557225 0.49950524375 0.476551559375 0.512027765625 0.4865175453125 0.464017871875 0.44852321093749997 0.4514953484375 0.4453378359375 0.4616942953125
26 0.48724455625 0.5165519578125 0.474912921875 0.53993468125 0.5087663546875001 0.5615413031250001 0.534339609375 0.5178254859375 0.500440640625 0.49815365 0.48724455625 0.5165519578125
26 0.47628077187500006 0.3984005234375 0.46813558281249995 0.4107643671875 0.496028128125 0.4353558203125 0.5292456296875 0.40055878749999996 0.501353084375 0.37596733437499996 0.47628077187500006 0.3984005234375
27 0.4943927640625 0.296281471875 0.4927996671875 0.322253603125 0.5445812937500001 0.332970940625 0.5463565499999999 0.299259671875 0.497532596875 0.288017309375 0.4943927640625 0.296281471875
35 0.452986171875 0.2618865 0.4530780703125 0.2162716140625 0.41886031562500003 0.21014326875 0.416811815625 0.25546324062500003 0.452986171875 0.2618865
36 0.7383701828125 0.6505148421875 0.7333192875 0.6565493078125 0.7605742671875 0.708227740625 0.795247425 0.6950082453124999 0.768037984375 0.6413950296875 0.7383701828125 0.6505148421875
36 0.531198140625 0.6095802796875 0.4765954640625 0.5935836140624999 0.473410090625 0.603782559375 0.46899594375 0.6244753625 0.4717259140625 0.6336242578125 0.5253730578125 0.6485060765624999 0.531198140625 0.6095802796875
37 0.64572599375 0.7074210703125 0.6398114671874999 0.6667258031250001 0.584890009375 0.664272628125 0.5897579234375 0.7077226140625 0.64572599375 0.7074210703125
38 0.36612070625 0.3235470296875 0.36457315156250003 0.3475843765625 0.416309234375 0.360236496875 0.42004109375 0.3268201421875 0.3693060796875 0.3133480859375 0.36612070625 0.3235470296875
39 0.189887509375 0.4280452765625 0.1905697984375 0.44076882968750003 0.2082694734375 0.48129878125000003 0.24485369218750003 0.4703089828125 0.2254251171875 0.419810196875 0.189887509375 0.4280452765625
31 0.460622234375 0.6882584421875 0.4575279421875 0.69458781875 0.46940335156249996 0.7322982515625001 0.5236425234375 0.722027875 0.5138147953125001 0.680742784375 0.460622234375 0.6882584421875
40 0.845213159375 0.49089973750000004 0.8174572343750001 0.46050393125 0.783557446875 0.48257741249999997 0.780463153125 0.4889067890625 0.8023948125 0.516483075 0.80826461875 0.5173678109375001 0.845213159375 0.49089973750000004
40 0.4435211296875 0.2886137671875 0.4310528734375 0.31780084375 0.4785569734375 0.3434066296875 0.4920263 0.3133996171875 0.45621626718749997 0.2914980859375 0.4435211296875 0.2886137671875
45 0.6880450312499999 0.619629728125 0.6375377203125 0.5964837484375 0.6304391421875 0.6060928703124999 0.624887303125 0.6334099625 0.6714814125 0.6559661171875 0.6803088890625 0.6563258281250001 0.6880450312499999 0.619629728125
46 0.349596084375 0.6919111640625 0.31383159374999997 0.668074846875 0.2965401453125 0.6936224671875 0.284162971875 0.7189399765625 0.3141032 0.739956775 0.3219296046875 0.7411364203125 0.349596084375 0.6919111640625
47 0.393413865625 0.748998521875 0.3667029171875 0.799338628125 0.4044240078125 0.82346985625 0.43213602812499996 0.7723098140625 0.40028474062499997 0.749063321875 0.393413865625 0.748998521875
51 0.278253353125 0.4277728140625 0.27320245781249997 0.4338072796875 0.296635315625 0.48102632031250003 0.33126293281249997 0.46974160937500004 0.30792115625 0.41865300000000005 0.278253353125 0.4277728140625
52 0.556681134375 0.527988715625 0.55750004375 0.5349079156250001 0.5869393265625 0.5772073390625 0.6177903625 0.559528453125 0.5864855578125 0.5130645484375 0.556681134375 0.527988715625
50 0.5398930859375 0.40701776250000005 0.5366166296875 0.42108627656250003 0.54098441875 0.4440735734375 0.5930392859375 0.44318220625000004 0.5869881390625 0.4082912921875 0.5398930859375 0.40701776250000005
41 0.3919183921875 0.43713855781250005 0.3960145765625 0.38824392812499997 0.3569280890625 0.380410909375 0.353832978125 0.42848560156250004 0.3919183921875 0.43713855781250005
44 0.6510103171875 0.39949547343749997 0.6328544203125 0.42005867812500003 0.660746965625 0.44465013124999997 0.693918925 0.4117878828125 0.6699395828125 0.387786253125 0.6510103171875 0.39949547343749997
18 0.3111537078125 0.3230286390625 0.30810413593749997 0.3691685484375 0.34423295 0.3775265921875 0.3495570875 0.3598834203125 0.350331275 0.3269920890625 0.3111537078125 0.3230286390625
22 0.39628945312499997 0.293144590625 0.400749140625 0.2705170046875 0.3980647109375 0.25943332343750003 0.35906930625 0.2477307359375 0.3482396875 0.2490108984375 0.34455336875000003 0.28049246875 0.39132963906249996 0.2953094875 0.39628945312499997 0.293144590625
22 0.628342646875 0.7785835750000001 0.6217897375 0.806720603125 0.661604053125 0.8253423906249999 0.6776220046875 0.7704780953125 0.6378076890625 0.75185630625 0.628342646875 0.7785835750000001
24 0.2413967109375 0.4086260015625 0.24358183125 0.3575016765625 0.20736193749999998 0.3530132015625 0.2032202140625 0.403842615625 0.2413967109375 0.4086260015625
17 0.5751045484375 0.7880340171875 0.5692355625000001 0.745403965625 0.5123119609375 0.7445906625000001 0.5171798765625 0.7880406515625 0.5751045484375 0.7880340171875