22 0.2925108328125 0.54171033125 0.2097589171875 0.526745528125 0.2064709734375 0.5331744515625 0.1986833890625 0.6434515234375 0.2794821796875 0.6581782656249999 0.28605391406249997 0.626782196875 0.2925108328125 0.54171033125
23 0.3674751625 0.66695220625 0.37855069218750004 0.5502462109375 0.29261319218750004 0.5397714703125 0.2846208890625 0.653926265625 0.3674751625 0.66695220625
14 0.2502212234375 0.3560569453125 0.2592412671875 0.24105175 0.177107659375 0.2329919953125 0.169320075 0.34326906562500004 0.2502212234375 0.3560569453125
15 0.3341032390625 0.3682324875 0.34312328281250004 0.2532272921875 0.261092034375 0.24322867499999998 0.253202090625 0.35544460624999996 0.3341032390625 0.3682324875
16 0.3460017921875 0.254553815625 0.337186465625 0.3656812875 0.3418133796875 0.3711235984375 0.41798525625 0.380408028125 0.42690294062499995 0.26734169531249996 0.3460017921875 0.254553815625
17 0.43008852500000005 0.262851634375 0.421170840625 0.37591796718750004 0.4257977546875 0.381360278125 0.5019696296875 0.3906447078125 0.5091389093750001 0.2734625890625 0.43008852500000005 0.262851634375
25 0.83471469375 0.8643994156250001 0.841883971875 0.7472172953125 0.7609828234375 0.734429415625 0.7518604203125 0.8513734718749999 0.83471469375 0.8643994156250001
18 0.7752881609375 0.3517594140625 0.7841034875 0.2406319421875 0.705257821875 0.2261432640625 0.696237778125 0.341148459375 0.7752881609375 0.3517594140625
45 0.6933592703125 0.3398219359375 0.7022769546875 0.2267556015625 0.6203480640625 0.214818121875 0.6124581203125 0.32703405625 0.6933592703125 0.3398219359375
5 0.8572170515625 0.36369689374999997 0.8641816125 0.2503924984375 0.7871867124999999 0.23808074218750003 0.778269028125 0.3511470765625 0.8572170515625 0.36369689374999997
6 0.6073567828125 0.4981300375 0.5994668390625 0.6103459703125 0.6823211140625001 0.6233719125 0.6912388 0.510305578125 0.669033759375 0.5027207078125 0.6073567828125 0.4981300375
12 0.59003320625 0.7145683921875 0.5820409046874999 0.828723190625 0.58666781875 0.8341654999999999 0.66479281875 0.8436879921875 0.67401758125 0.7248050734375 0.59003320625 0.7145683921875
46 0.5963836140625001 0.61289716875 0.6054036593750001 0.4978919734375 0.5233724078125 0.48789335625 0.517435590625 0.6003473515625 0.5963836140625001 0.61289716875
26 0.6912388 0.510305578125 0.6833488562500001 0.6225215125 0.7662031296875 0.6355474531249999 0.775120815625 0.52248111875 0.7314314000000001 0.5122775625 0.6912388 0.510305578125
33 0.8480296624999999 0.6494237953125 0.8570497078124999 0.5344186 0.7761485578125 0.5216307203125 0.7690816390624999 0.636873978125 0.8480296624999999 0.6494237953125
52 0.748674834375 0.855863534375 0.757899596875 0.7369806156250001 0.67597070625 0.7250431359375 0.6677736859375 0.8430756562499999 0.748674834375 0.855863534375