5 0.2123377515625 0.686770178125 0.2324494484375 0.6174070875 0.2297241734375 0.6122616562500001 0.21783891249999998 0.6087632390625 0.14141321874999999 0.59495388125 0.13539066875 0.60041989375 0.1267353234375 0.62827493125 0.11783603281249999 0.66619240625 0.2123377515625 0.686770178125
6 0.1628455015625 0.5259795031250001 0.144466546875 0.594404878125 0.2371514140625 0.6115523625 0.2564387921875 0.54484213125 0.25280509218749997 0.53798155625 0.1628455015625 0.5259795031250001
7 0.1649062953125 0.5193473515625 0.167631571875 0.5244927828125 0.254125675 0.5383702703125001 0.2627052890625 0.5293136796875 0.27696264843749996 0.47415260937500003 0.2720083640625 0.4669033234375 0.1877432703125 0.455129690625 0.1825450375 0.4579428421875 0.17388969375000002 0.4857978796875 0.1649062953125 0.5193473515625
8 0.2772907015625 0.46845817500000003 0.2965780796875 0.4017479453125 0.20835123281249998 0.3888081734375 0.20142025624999998 0.3925590421875 0.187078790625 0.44335210781249995 0.1855142609375 0.453025834375 0.1903844390625 0.4559071171875 0.2772907015625 0.46845817500000003
8 0.3670646109375 0.879984340625 0.3763087015625 0.882705334375 0.4773292359375 0.9008586656249999 0.4845882625 0.8914133640624999 0.4936390171875 0.8158989921875 0.4869519875 0.809587421875 0.38246596718750003 0.793309521875 0.3761153640625 0.8044699703125 0.36516365156249997 0.8721860484375 0.3670646109375 0.879984340625
9 0.4869519875 0.809587421875 0.4988878578125 0.7247880390625 0.3930812515625 0.7081214265625 0.38573811562500004 0.7131987265624999 0.3748705109375 0.7852828093750001 0.37586304375 0.7913659578125001 0.3903894734375 0.7956418015625 0.4869519875 0.809587421875
10 0.498391590625 0.721746465625 0.5095031421875 0.6395999421874999 0.4028722171875 0.625586190625 0.397345934375 0.6340937765625 0.3872185390625 0.699156996875 0.38911949843750004 0.7069552875 0.3957224203125 0.708898853125 0.498391590625 0.721746465625
12 0 0.47718 0.06710730468750001 0.509381021875 0.0996846359375 0.45092592812500004 0.02762448125 0.4137898296875 0 0.454947509375 0 0.47718
1 0.101829540625 0.4486617796875 0.135315296875 0.3919218296875 0.1325900203125 0.3867764 0.0632551421875 0.35478573125 0.0300974375 0.40583124687499994 0.028036640624999998 0.4124633984375 0.031586237499999996 0.41495596875 0.101829540625 0.4486617796875
2 0.1365517734375 0.3879425390625 0.17094595625 0.33291773125 0.162029915625 0.324502303125 0.0963287390625 0.2993722109375 0.0648196734375 0.3451120046875 0.0627588765625 0.35174415625 0.067216896875 0.35595187031250003 0.1365517734375 0.3879425390625
27 0.49681067187499994 0.45779077656249995 0.49241163437499996 0.3884517125 0.4002314078125 0.397512253125 0.3933004328125 0.401263121875 0.39058353125 0.41928414218750004 0.39150870625 0.4673321890625 0.3950583 0.46982475937499996 0.49681067187499994 0.45779077656249995
32 0.49719770625 0.386964990625 0.4963482640625 0.320118496875 0.3941837328125 0.3334789109375 0.39626965468750003 0.39634611249999996 0.49719770625 0.386964990625
33 0.39129024375 0.3195974703125 0.3963286375 0.3312147640625 0.49321082812499994 0.31629949687500003 0.48980432343749997 0.25304358125 0.393334290625 0.266632415625 0.39129024375 0.3195974703125
35 0.56196569375 0.113584075 0.5626301734375 0.125361659375 0.6502009156249999 0.14969029843749998 0.680961396875 0.0878049171875 0.5907494843750001 0.0626988515625 0.56196569375 0.113584075
36 0.68046513125 0.08476334375 0.6890447421875 0.075706753125 0.70875265625 0.03083654375 0.7045431453125001 0.028707932812499996 0.6106553484374999 0.0248822984375 0.6075722828125001 0.027113653124999998 0.593222440625 0.054740267187500004 0.59116164375 0.061372418750000005 0.68046513125 0.08476334375
47 0.79496859375 0.4167036875 0.6855282859375 0.3931765015625 0.6766206218749999 0.407927525 0.6610426765625 0.4626998828125 0.663767953125 0.46784531406249996 0.777582171875 0.491212209375 0.79496859375 0.4167036875
48 0.8053399328124999 0.3415780296875 0.7043193999999999 0.323424696875 0.684947915625 0.385766921875 0.68816945625 0.3939539265625 0.7980219234375 0.41615468437500003 0.8164008765625 0.347729309375 0.8053399328124999 0.3415780296875