34 0.1484375 0.4736328125 0.142578125 0.3662109375 0.0595703125 0.365234375 0.056640625 0.3818359375 0.064453125 0.4873046875 0.1455078125 0.490234375 0.1484375 0.4736328125
38 0.23828125 0.4541015625 0.234375 0.3681640625 0.2294921875 0.36328125 0.1455078125 0.365234375 0.1484375 0.4873046875 0.1884765625 0.4921875 0.2353515625 0.490234375 0.23828125 0.4541015625
30 0.3349609375 0.36328125 0.2509765625 0.365234375 0.25390625 0.4892578125 0.3408203125 0.4921875 0.341796875 0.3681640625 0.3349609375 0.36328125
5 0.3681640625 0.365234375 0.369140625 0.4912109375 0.4560546875 0.4921875 0.45703125 0.3662109375 0.3681640625 0.365234375
6 0.55078125 0.3681640625 0.4619140625 0.365234375 0.458984375 0.4892578125 0.4697265625 0.494140625 0.5458984375 0.494140625 0.55078125 0.3681640625
8 0.5537109375 0.365234375 0.55078125 0.4931640625 0.6396484375 0.494140625 0.64453125 0.3662109375 0.5537109375 0.365234375
9 0.73828125 0.4873046875 0.7421875 0.3681640625 0.7353515625 0.36328125 0.6513671875 0.36328125 0.646484375 0.3662109375 0.64453125 0.3876953125 0.642578125 0.4912109375 0.6630859375 0.49609375 0.7333984375 0.49609375 0.73828125 0.4873046875
12 0.853515625 0.3662109375 0.7626953125 0.36328125 0.7578125 0.3662109375 0.755859375 0.3896484375 0.75390625 0.4931640625 0.8115234375 0.498046875 0.8466796875 0.49609375 0.853515625 0.3662109375
3 0.8583984375 0.365234375 0.8557142859375 0.42785714375 0.8505859375 0.49609375 0.943359375 0.4970703125 0.9521484375 0.365234375 0.8583984375 0.365234375
13 0.283203125 0.6162109375 0.28125 0.4970703125 0.2744140625 0.4921875 0.1904296875 0.494140625 0.1875 0.5146484375 0.193359375 0.6181640625 0.2783203125 0.62109375 0.283203125 0.6162109375
20 0.3173828125 0.494140625 0.31640625 0.6201171875 0.4033203125 0.623046875 0.40625 0.4970703125 0.3173828125 0.494140625
21 0.4072265625 0.49609375 0.40625 0.6201171875 0.4951171875 0.625 0.498046875 0.4970703125 0.4072265625 0.49609375
47 0.7734375 0.5009765625 0.6806640625 0.49609375 0.673828125 0.5068359375 0.673828125 0.6279296875 0.7646484375 0.630859375 0.76953125 0.6181640625 0.7734375 0.5009765625