5 0.4130859375 0.45703125 0.3564453125 0.46875 0.361328125 0.5068359375 0.3740234375 0.552734375 0.431640625 0.5361328125 0.4130859375 0.45703125
7 0.8193359375 0.455078125 0.822265625 0.4482421875 0.806640625 0.3740234375 0.7490234375 0.376953125 0.74609375 0.3837890625 0.759765625 0.4580078125 0.7685546875 0.4609375 0.8193359375 0.455078125
9 0.0849609375 0.81640625 0.087890625 0.8076171875 0.07421875 0.7236328125 0.0693359375 0.720703125 0.0126953125 0.73828125 0.009765625 0.7548828125 0.021484375 0.8310546875 0.0283203125 0.833984375 0.0849609375 0.81640625
10 0.154296875 0.7822265625 0.138671875 0.7021484375 0.1298828125 0.701171875 0.0791015625 0.716796875 0.078125 0.7490234375 0.08984375 0.8115234375 0.1513671875 0.794921875 0.154296875 0.7822265625
11 0.2021484375 0.6796875 0.1416015625 0.697265625 0.140625 0.7099609375 0.1572265625 0.791015625 0.220703125 0.7705078125 0.2021484375 0.6796875
12 0.287109375 0.7529296875 0.2666015625 0.6640625 0.2080078125 0.6796875 0.205078125 0.6904296875 0.220703125 0.7666015625 0.2255859375 0.7734375 0.287109375 0.7529296875
1 0.3291015625 0.638671875 0.2705078125 0.65625 0.267578125 0.6669921875 0.2900390625 0.75 0.353515625 0.7275390625 0.3291015625 0.638671875
39 0.1943359375 0.3828125 0.16015625 0.4111328125 0.15234375 0.4248046875 0.2080078125 0.47265625 0.251953125 0.4306640625 0.1943359375 0.3828125
28 0.2890625 0.3818359375 0.2373046875 0.33984375 0.2275390625 0.337890625 0.21875 0.3466796875 0.19140625 0.3779296875 0.2470703125 0.42578125 0.2529296875 0.42578125 0.2890625 0.3818359375
29 0.333984375 0.3427734375 0.2744140625 0.298828125 0.23828125 0.3349609375 0.23828125 0.3408203125 0.2958984375 0.384765625 0.333984375 0.3427734375
30 0.3154296875 0.26171875 0.28125 0.2998046875 0.3408203125 0.345703125 0.376953125 0.3037109375 0.3154296875 0.26171875
31 0.412109375 0.2646484375 0.4052734375 0.25390625 0.3564453125 0.21875 0.322265625 0.2490234375 0.318359375 0.2587890625 0.3740234375 0.30078125 0.3798828125 0.30078125 0.412109375 0.2646484375
34 0.759765625 0.4580078125 0.74609375 0.3837890625 0.7314453125 0.380859375 0.6865234375 0.38671875 0.6953125 0.4658203125 0.7099609375 0.46875 0.7568359375 0.462890625 0.759765625 0.4580078125
47 0.68359375 0.3857421875 0.6591796875 0.3828125 0.6240234375 0.38671875 0.630859375 0.4677734375 0.6923828125 0.46484375 0.6953125 0.4560546875 0.68359375 0.3857421875
42 0.7041015625 0.22265625 0.6552734375 0.23828125 0.654296875 0.2509765625 0.6865234375 0.310546875 0.740234375 0.2880859375 0.7041015625 0.22265625
43 0.7568359375 0.203125 0.7099609375 0.21875 0.70703125 0.2236328125 0.7431640625 0.2890625 0.79296875 0.2685546875 0.7568359375 0.203125
44 0.845703125 0.2431640625 0.8095703125 0.18359375 0.7607421875 0.201171875 0.759765625 0.2060546875 0.7958984375 0.267578125 0.845703125 0.2509765625 0.845703125 0.2431640625
18 0.4169921875 0.455078125 0.4345703125 0.537109375 0.4921875 0.5224609375 0.4736328125 0.443359375 0.4169921875 0.455078125
22 0.6767578125 0.587890625 0.6982421875 0.6796875 0.763671875 0.6669921875 0.7392578125 0.578125 0.6767578125 0.587890625
23 0.8037109375 0.56640625 0.7451171875 0.576171875 0.7421875 0.5830078125 0.7685546875 0.669921875 0.830078125 0.6552734375 0.8037109375 0.56640625
24 0.8076171875 0.56640625 0.8330078125 0.658203125 0.89453125 0.6455078125 0.8662109375 0.5546875 0.8076171875 0.56640625
26 0.5322265625 0.427734375 0.4775390625 0.439453125 0.4765625 0.4541015625 0.4951171875 0.521484375 0.5546875 0.5068359375 0.5322265625 0.427734375