7 0.467053640625 0.5651902578125 0.5243838625 0.633323165625 0.631306209375 0.5374989765625 0.5772294140625001 0.47187302343750004 0.5715739203125 0.47102098750000004 0.5607646265625 0.478468125 0.5250681 0.5093927203125 0.46860434531250006 0.5593734640625 0.467053640625 0.5651902578125
12 0.2680168671875 0.45856553906249997 0.271437521875 0.46412289375000004 0.36504201875 0.4550317265625 0.37019592968750004 0.32169063750000004 0.2783093671875 0.3280154140625 0.2731555625 0.3363145875 0.271574434375 0.3643116546875 0.2680168671875 0.45856553906249997
3 0.4618695203125 0.47062778749999995 0.47129534062499995 0.4720478453125 0.53002435625 0.3951815046875 0.4312205234375 0.3208003421875 0.425215359375 0.3249376390625 0.3697549828125 0.393220796875 0.3695725421875 0.40126053281249996 0.4618695203125 0.47062778749999995
47 0.45139457812500006 0.6092176453125 0.48277355312500003 0.4768023171875 0.392969809375 0.464281234375 0.356619471875 0.5969559984374999 0.3600401265625 0.60251335625 0.44538941249999997 0.6133549453125 0.45139457812500006 0.6092176453125
48 0.683406671875 0.5443398296875 0.6760332453125 0.5462541859375001 0.6643573765624999 0.5606295875 0.6185052609375 0.6222930671875 0.72193078125 0.7014041265625 0.7830618640625 0.6228828671875 0.683406671875 0.5443398296875
52 0.5844508234375 0.4558181265625 0.57517701875 0.4685386078125 0.6330241421875 0.5347325859375001 0.74079785 0.4430702703125 0.6834676265625 0.3749373625 0.5844508234375 0.4558181265625
44 0.8167061015625 0.463581940625 0.80589680625 0.47102907812500006 0.748551265625 0.5390282234375 0.724165725 0.5716568875 0.795908340625 0.62986028125 0.886563553125 0.521501321875 0.8167061015625 0.463581940625
33 0.6685536515625 0.25067375468750003 0.5995475609375001 0.196916246875 0.51336201875 0.2958645625 0.50940925 0.3033362765625 0.51419816875 0.311116575 0.5760132734375001 0.35874870312499996 0.6685536515625 0.25067375468750003
38 0.3821300890625 0.4939086453125 0.3725370390625 0.4894381859375 0.2892401484375 0.48193100937500005 0.253573940625 0.615717246875 0.2839037953125 0.623311834375 0.3471480140625 0.6288063546875 0.3821300890625 0.4939086453125
23 0.2696587390625 0.5112498359375001 0.267363159375 0.43527379218749995 0.17495969375 0.4435375 0.1698058921875 0.45183667187500004 0.16808784999999998 0.57964498125 0.2640944140625 0.5688988921875 0.2696587390625 0.5112498359375001
1 0 0.5409968484375 0.0873906796875 0.5513530109375 0.0933958421875 0.5472157140625 0.1237410171875 0.4186782453125 0.0839853421875 0.4096636 0.03016694375 0.4055891390625 0 0.5157379843750001 0 0.5409968484375