20 0.2216796875 0.302734375 0.220703125 0.3935546875 0.2841796875 0.39453125 0.283203125 0.3037109375 0.2216796875 0.302734375
21 0.3447265625 0.302734375 0.2861328125 0.3046875 0.28515625 0.3935546875 0.3486328125 0.396484375 0.349609375 0.3076171875 0.3447265625 0.302734375
22 0.4111328125 0.30078125 0.3505859375 0.302734375 0.3515625 0.3935546875 0.4150390625 0.39453125 0.416015625 0.3056640625 0.4111328125 0.30078125
46 0.765625 0.5146484375 0.763671875 0.6005859375 0.8291015625 0.603515625 0.83203125 0.5146484375 0.765625 0.5146484375
47 0.83203125 0.5166015625 0.83203125 0.6025390625 0.8916015625 0.60546875 0.896484375 0.5166015625 0.83203125 0.5166015625
48 0.8994140625 0.515625 0.896484375 0.5205078125 0.89453125 0.6044921875 0.9560546875 0.607421875 0.9609375 0.5185546875 0.8994140625 0.515625
49 0.5107421875 0.3359375 0.509765625 0.4248046875 0.5732421875 0.42578125 0.57421875 0.3369140625 0.5107421875 0.3359375
50 0.5771484375 0.333984375 0.57421875 0.4228515625 0.6357421875 0.42578125 0.638671875 0.3349609375 0.5771484375 0.333984375
51 0.6416015625 0.33203125 0.638671875 0.4228515625 0.7021484375 0.423828125 0.705078125 0.3349609375 0.6416015625 0.33203125
0 0.150390625 0.5791015625 0.146484375 0.5107421875 0.0849609375 0.509765625 0.08203125 0.5400390625 0.0859375 0.6005859375 0.1474609375 0.599609375 0.150390625 0.5791015625
5 0.1513671875 0.5078125 0.150390625 0.5966796875 0.2138671875 0.59765625 0.212890625 0.5087890625 0.1513671875 0.5078125
6 0.27734375 0.5068359375 0.2177734375 0.505859375 0.212890625 0.5107421875 0.216796875 0.5966796875 0.2783203125 0.595703125 0.27734375 0.5068359375
37 0.4677734375 0.576171875 0.46484375 0.6669921875 0.5283203125 0.66796875 0.529296875 0.5791015625 0.4677734375 0.576171875
38 0.59375 0.5810546875 0.5908203125 0.578125 0.5302734375 0.578125 0.529296875 0.6669921875 0.5322265625 0.669921875 0.5927734375 0.669921875 0.59375 0.5810546875
39 0.6572265625 0.669921875 0.66015625 0.6630859375 0.658203125 0.5791015625 0.6533203125 0.576171875 0.5966796875 0.576171875 0.591796875 0.5810546875 0.59375 0.6669921875 0.5966796875 0.669921875 0.6572265625 0.669921875
7 0.34375 0.5068359375 0.3408203125 0.50390625 0.2802734375 0.505859375 0.28125 0.5947265625 0.3408203125 0.595703125 0.3447265625 0.59375 0.34375 0.5068359375
8 0.41015625 0.5908203125 0.408203125 0.5048828125 0.4013671875 0.501953125 0.3447265625 0.505859375 0.345703125 0.5927734375 0.3486328125 0.595703125 0.4072265625 0.59375 0.41015625 0.5908203125