19 0.5419188968750001 0.540725003125 0.551003496875 0.5351931515625 0.6176735984375 0.4300879453125 0.600901515625 0.41349238593750004 0.5372367234375 0.3678545984375 0.5231949515625 0.3789183046875 0.4572180796875 0.47710869375 0.5419188968750001 0.540725003125
22 0.6545261 0.4549812828125 0.6673285765625 0.445300540625 0.7293145390625 0.3484931140625 0.72436801875 0.340195334375 0.6473653390624999 0.2848768046875 0.573816190625 0.38998201093749996 0.5787627109375 0.398279790625 0.6545261 0.4549812828125
24 0.22358231874999998 0.5075338859375 0.2436520828125 0.5296612984375 0.31034152187499997 0.5780650109375001 0.3377424875 0.5490227828124999 0.3955903703125 0.4660449890625 0.39188314218750003 0.45636424687500005 0.31309510625 0.396896828125 0.29285686875 0.41487535 0.22358231874999998 0.5075338859375
17 0.510567665625 0.6969998484375 0.5321497546875 0.7205102234375 0.5918236359375 0.7675309734375 0.6024205593749999 0.763382084375 0.675560159375 0.6541279890625 0.667588990625 0.6430642828125 0.59608954375 0.587745753125 0.5795691859375001 0.6015753859374999 0.510567665625 0.6969998484375
7 0.4364531203125 0.6430642828125 0.506440240625 0.69699985 0.511806959375 0.6956168859375 0.5904497937500001 0.586362790625 0.50946685625 0.5185975921875 0.49666437812500003 0.5282783359375001 0.42394497812500004 0.6278516875 0.4364531203125 0.6430642828125
9 0.3446002265625 0.5766820484374999 0.41981755 0.6278516875 0.4965385140625 0.5130657390625 0.49007966875 0.503384996875 0.4130769890625 0.4480664671875 0.40399239062500003 0.4535983203125 0.330852790625 0.562852415625 0.3446002265625 0.5766820484374999
1 0.5661160890625 0.562852415625 0.6297808796875 0.6084902015625 0.70402325625 0.49647017968749996 0.6960520875 0.485406475 0.6220740578124999 0.432853871875 0.6154680453125 0.435619796875 0.5463193546875 0.5434909296875 0.5661160890625 0.562852415625
28 0.5138586265625 0.3540249671875 0.5681764406250001 0.38859904843750004 0.6417255875000001 0.2834938421875 0.6337544187499999 0.2724301359375 0.5610156796875 0.2184945703125 0.5506917875 0.2254093859375 0.4834756234375 0.3249827390625 0.5138586265625 0.3540249671875
31 0.3467970953125 0.40381164375 0.35600755624999997 0.41349238593750004 0.43521579218750006 0.4632790625 0.4489845328125 0.44944942968749996 0.5064335203125 0.3484931140625 0.4926860859375 0.33466348125 0.422005734375 0.28764273125 0.41168184218750004 0.2945575484375 0.3467970953125 0.40381164375
47 0.6326690125 0.609873165625 0.6376155328124999 0.6181709453125 0.7146182140625 0.6734894734375 0.72494210625 0.6665746578125 0.789133621875 0.564235378125 0.78542639375 0.5545546359375 0.7082872 0.49785314375 0.7005784078125 0.503384996875 0.6326690125 0.609873165625
43 0.26511699375000003 0.7052976296875 0.34913523281250003 0.761999121875 0.429574075 0.6430642828125 0.4170659328125 0.6278516875 0.3446002265625 0.5766820484374999 0.33055845625 0.5877457546875 0.2586581484375 0.6956168859375 0.26511699375000003 0.7052976296875