32 0.8340852859375 0.49577814375000007 0.8394523609375 0.490154875 0.8204156953125 0.40616063125 0.75997046875 0.41965709999999995 0.774740559375 0.4995786 0.777665365625 0.5050571625 0.7873392265625 0.5048883375 0.8340852859375 0.49577814375000007
33 0.4661166484375 0.48975814375000004 0.3941330421875 0.4868671640625 0.388791390625 0.540874025 0.3931786 0.5490918671875 0.474876278125 0.5531957234375 0.4800972953125 0.495043765625 0.4661166484375 0.48975814375000004
35 0.48701550468750004 0.21014841875 0.47288880000000005 0.1523341078125 0.463134515625 0.14973953281250002 0.387728778125 0.17179149375 0.3973476375 0.21724286249999997 0.4033580984375 0.233726784375 0.41303195937500004 0.23355795937499998 0.48701550468750004 0.21014841875
36 0.2556239640625 0.5736108203125 0.2053753515625 0.6049005578125 0.2373471640625 0.6582562421875 0.24888554375 0.6746436921875001 0.2558758671875 0.677286503125 0.3033203109375 0.6446633 0.2556239640625 0.5736108203125
37 0.8364110734375 0.3381438359375 0.8962235484375001 0.3979256640625 0.90313345 0.397805075 0.9461504703125 0.35558233125 0.8834533999999999 0.29170364375 0.8364110734375 0.3381438359375
38 0.21972205625000002 0.48023409375000004 0.2473870828125 0.528135334375 0.3236922625 0.4894788640625 0.29306221875 0.4347173625 0.219521 0.473325596875 0.21972205625000002 0.48023409375000004
29 0.41649015 0.3523840984375 0.41806255312499996 0.2638829921875 0.3695726109375 0.2605820109375 0.3572152125 0.26356246875 0.352677790625 0.345203315625 0.35422061718750003 0.35070599375 0.3611707296875 0.35196710468750003 0.41649015 0.3523840984375
30 0.5121453781249999 0.6935502265625 0.5068587265625 0.70193689375 0.504361459375 0.758658915625 0.5078090140625 0.78209956875 0.5645506250000001 0.7838741437500001 0.5689674124999999 0.6980882 0.5121453781249999 0.6935502265625
46 0.612371759375 0.71668434375 0.6237090828125 0.726163296875 0.6922303421875 0.7526155171875 0.716959928125 0.699652709375 0.635719365625 0.6637456515625 0.612371759375 0.71668434375
47 0.5637990687500001 0.33045972031250004 0.5539791515625 0.27809985312499996 0.5455666359375 0.2740994609375 0.467236090625 0.290672859375 0.46958314687499997 0.32380952500000004 0.47733749062499997 0.3527046203125 0.5612361671875 0.3374164515625 0.5637990687500001 0.33045972031250004
48 0.645014209375 0.317983184375 0.6479792265625 0.324843446875 0.724953215625 0.35667775625 0.750944146875 0.299545734375 0.6724675453125 0.2635904421875 0.645014209375 0.317983184375
51 0.511140090625 0.6590077453125 0.43668879374999997 0.618835 0.40773284375 0.6691067640624999 0.40927567187499997 0.67460944375 0.48230477499999996 0.7134246046875 0.4903553875 0.704989703125 0.511140090625 0.6590077453125
41 0.6637652390625 0.5346929125 0.6691323140625001 0.5290696453125 0.6433063828125001 0.44934108593750005 0.584363771875 0.46695853749999994 0.6073453203125 0.5439719328125 0.6102701265625 0.54945049375 0.6199439875 0.5492816703125001 0.6637652390625 0.5346929125
42 0.520043453125 0.3948137703125 0.5271946234375 0.4029833765625 0.59737934375 0.43908337499999994 0.626214659375 0.38466651406249996 0.550341171875 0.343136190625 0.520043453125 0.3948137703125
3 0.322422609375 0.7784228375 0.3239654359375 0.7839255171875 0.396994540625 0.822740678125 0.4259102796875 0.7710872171875 0.35272032656249996 0.7267452578125 0.322422609375 0.7784228375
6 0.7273363296875 0.5335835 0.7233110218750001 0.5378009515625 0.73247276875 0.6150555234375 0.738241959375 0.6232492484375001 0.79608406875 0.6153278109375 0.7852588625 0.5284254609375 0.7273363296875 0.5335835