45 0.8166224359375001 0.45143256875000004 0.8099288734375 0.4456530296875 0.7702450921875 0.4657310296875 0.7944457640625 0.516785890625 0.8083284796875001 0.5333251609375 0.846214971875 0.5105572281249999 0.8166224359375001 0.45143256875000004
46 0.6354777546875 0.6062858796875 0.6346716484375 0.613556340625 0.6659540265625 0.655077415625 0.7217537703125 0.6124964546875 0.6923463062499999 0.5706026484375 0.6354777546875 0.6062858796875
47 0.8452896000000001 0.42440295937499994 0.87862015 0.409650946875 0.8498337203125 0.343255825 0.8461615140625 0.3409386234375 0.809081128125 0.356436096875 0.8111411203125 0.3732942203125 0.8341177249999999 0.423576678125 0.8452896000000001 0.42440295937499994
44 0.69681226875 0.811461871875 0.73734996875 0.757694565625 0.730160815625 0.74693483125 0.6972662234375 0.719954675 0.659409546875 0.7660787906250001 0.654125128125 0.7783025078125 0.6911875171874999 0.8125800640625 0.69681226875 0.811461871875
43 0.387016009375 0.2768072015625 0.3539661578125 0.2559523734375 0.34834140625 0.25707056562499997 0.3125447234375 0.320052803125 0.363304753125 0.3536387796875 0.40154957343750003 0.2922013421875 0.387016009375 0.2768072015625
43 0.384233184375 0.4601943265625 0.31404331406249997 0.40812460625 0.2864449625 0.4420519453125 0.2830354609375 0.45390293125000003 0.352078890625 0.5021375859375 0.3590053390625 0.4987291296875 0.384233184375 0.4601943265625
35 0.5435415265625 0.3817998609375 0.541153021875 0.42696742343749994 0.6141493578125 0.4419124421875 0.6179171875 0.3913919515625 0.549972384375 0.373411209375 0.5435415265625 0.3817998609375
36 0.8831637406249999 0.6474475078124999 0.8422738875 0.6169780765625 0.8250592984375 0.6092271265625 0.8047277265625 0.650851534375 0.8634053890625 0.6909894484375 0.88097830625 0.6600708953125001 0.8831637406249999 0.6474475078124999
37 0.519239053125 0.5064889359375 0.4432213625 0.48808158281249997 0.43601421250000005 0.5270968765624999 0.4351304765625 0.5374300015625 0.43994912187499996 0.54358226875 0.512294609375 0.55967241875 0.519239053125 0.5064889359375
39 0.5972329328125 0.667723315625 0.551942396875 0.6391444796875 0.537128134375 0.6593571765624999 0.5142707953125 0.702499446875 0.5159904546875 0.7082520453125001 0.5625826890625001 0.7345406203125 0.5972329328125 0.667723315625
29 0.58714275 0.10903859062500001 0.5541407125 0.06176491562500001 0.49555249999999995 0.09169555 0.4983409703125 0.104345878125 0.5271752109375 0.1443221515625 0.5807118921875001 0.1174272421875 0.58714275 0.10903859062500001
30 0.445371334375 0.256064559375 0.439668953125 0.2602454171875 0.43545334531249996 0.2793668625 0.4272848296875 0.3317779453125 0.4815319921875 0.3504502703125 0.49586866250000006 0.27548234531250004 0.445371334375 0.256064559375
30 0.6980132265625001 0.34702815625 0.714141009375 0.3976564078125 0.7785390484375 0.3838384359375 0.764859403125 0.3347549875 0.7037156078125 0.3428473015625 0.6980132265625001 0.34702815625
27 0.2735950640625 0.5319604609375 0.2811723640625 0.5274068734374999 0.29913342656249997 0.4811749984375 0.2168103171875 0.44167478750000005 0.1944485703125 0.489797253125 0.1937200921875 0.49400505 0.202288571875 0.49941185781249997 0.2735950640625 0.5319604609375
2 0.490835125 0.228743040625 0.48804665625 0.2160927125 0.45413106562500005 0.15579598125 0.43920935468750005 0.15571516093749999 0.40400388749999994 0.170839903125 0.40621913593750003 0.18157269843749999 0.44372930468750005 0.24724929687500002 0.490835125 0.228743040625
2 0.529932803125 0.7715036828125 0.5259500828125 0.7814371375 0.5628572140625 0.821840021875 0.616937296875 0.7735064625 0.5826335609375 0.7285230515625 0.529932803125 0.7715036828125
3 0.442044575 0.779834028125 0.40612862656250004 0.7493915375 0.35181565625 0.8069130875000001 0.35533260312500003 0.8153556203125 0.39426991093749997 0.849260446875 0.44980694843749996 0.7925112953125 0.442044575 0.779834028125
1 0.6871575125 0.529988671875 0.6495219046875 0.4937935828125 0.6041655578125 0.5414086203124999 0.603932671875 0.5505966140624999 0.6404218421875 0.5829566374999999 0.65052490625 0.5768851890625 0.6871575125 0.529988671875
9 0.5921695812500001 0.5976278296875 0.5284403875 0.560525640625 0.5141993421875 0.582655871875 0.5042037234375 0.6090208374999999 0.57355766875 0.6450048359375 0.593889240625 0.6033804265625 0.5921695812500001 0.5976278296875
20 0.187486128125 0.5927557671875 0.193606471875 0.596617771875 0.2682448359375 0.6203780531249999 0.27582213437499997 0.615824465625 0.28946014375 0.56842051875 0.27354725156250004 0.5583793078125 0.20568007812500003 0.5373359 0.1999776984375 0.5415167546874999 0.1876413859375 0.5866304390625 0.187486128125 0.5927557671875
14 0.7642558359375 0.628424965625 0.75813549375 0.6245629609375001 0.7184517125000001 0.644640959375 0.7521344171875 0.714125684375 0.793042265625 0.6948200875 0.7927019328125 0.6837145625 0.7642558359375 0.628424965625
14 0.172690390625 0.24424974375000003 0.174332421875 0.25306500625 0.233398228125 0.2778895984375 0.26013084062499997 0.20452035624999998 0.1992677453125 0.1770058296875 0.172690390625 0.24424974375000003
17 0.40353140625000006 0.6310658234375001 0.3621459625 0.5956161953125 0.323871325 0.63369745 0.32436691562500003 0.6386776453125 0.38575541874999997 0.6945285515624999 0.42468090468749997 0.655302165625 0.40353140625000006 0.6310658234375001
16 0.6275190171875 0.184302853125 0.62257493125 0.20763209531250001 0.6894807390625 0.242071290625 0.7043428171875 0.19543974687500001 0.641186840625 0.1602550890625 0.6275190171875 0.184302853125