13 0.3140976875 0.25099087343750004 0.3741500484375 0.37137591406250003 0.380705334375 0.3733960703125 0.4636124453125 0.3276307265625 0.403560084375 0.207245684375 0.3140976875 0.25099087343750004
19 0.16850704218749998 0.663122090625 0.21237678437500002 0.7712430593749999 0.30446904375 0.7326745453125 0.255750778125 0.599772865625 0.16365851874999998 0.6383413796874999 0.16850704218749998 0.663122090625
22 0.6111331765625 0.5113562875000001 0.6203260703125 0.5229217296875001 0.75216899375 0.4864154046875 0.7569632937499999 0.4806158328125 0.7349780734375 0.39815937031250004 0.72840729375 0.3874019921875 0.6026774734375 0.4228813890625 0.5904590125 0.42930385624999995 0.5909089421875 0.436719553125 0.6111331765625 0.5113562875000001
0 0.5591872890625 0.5288224031250001 0.5709635671875 0.51935285 0.5489860921874999 0.4412649984375 0.5397931984375 0.42969955625 0.41144901093749997 0.46873950156250005 0.4084002046875 0.4736215796875 0.4145597859375 0.49880632187499996 0.43607958281250003 0.5651098625000001 0.5591872890625 0.5288224031250001
5 0.622699653125 0.62989800625 0.6327846593750001 0.6519262296874999 0.7689874453125001 0.6109418609375 0.7430458140625 0.5141674703125 0.6029098562499999 0.5539397453125 0.622699653125 0.62989800625
6 0.41798880625 0.46202243593750003 0.422798596875 0.4649600875 0.5441608078125 0.4295901234375 0.5559370859375 0.42012056875 0.53483623125 0.3437582765625 0.52476671875 0.33046727656249997 0.3964225296875 0.3695072234375 0.39425034531250003 0.37611485624999996 0.40128654375000006 0.403025159375 0.41798880625 0.46202243593750003
27 0.5980916609375 0.7925972765625 0.71244865625 0.7477914593749999 0.7312069109375 0.7346519218750001 0.6996098515625 0.6506887671875 0.6895480843749999 0.641766378125 0.5603505140625 0.6921866015625 0.5625691765624999 0.7117906390625001 0.5871455265625001 0.777580715625 0.5980916609375 0.7925972765625
37 0.521057525 0.7019087234375 0.5223530890625 0.6935755296874999 0.4845577203125 0.5625845734375 0.46839834218750004 0.5634263359375 0.388951234375 0.58988224375 0.38854003593750003 0.60430960625 0.4184380765625 0.715401928125 0.4276387171875 0.73133598125 0.521057525 0.7019087234375
29 0.31893715 0.7633305625 0.349060484375 0.755148834375 0.41365152343749995 0.725570109375 0.41582370781250005 0.7189624765625 0.3649332578125 0.5926684296875 0.34790500625 0.5961532468749999 0.2719643796875 0.6295113859375 0.26979219374999996 0.6361190203125 0.2820803703125 0.6690140578125 0.31893715 0.7633305625
31 0.261879375 0.6074831609375 0.2693190265625 0.6155974875 0.3994164546875 0.5800086578125 0.40594850468750004 0.568922978125 0.38570877812500004 0.4855490203125 0.380022365625 0.48088581093749994 0.2551614203125 0.513722153125 0.24338514218750001 0.5231917078125 0.24691486093749998 0.5431997765625 0.261879375 0.6074831609375
49 0.618370775 0.6518504984375 0.5779610359375 0.524420090625 0.48497666562499997 0.552525821875 0.4836811 0.560859015625 0.5047819546875 0.6372213078125 0.5245330203125 0.6913365078125 0.6179518296875 0.6619092484375 0.618370775 0.6518504984375