13 0.533203125 0.2060546875 0.4345703125 0.203125 0.43359375 0.3388671875 0.4384765625 0.34375 0.5322265625 0.341796875 0.533203125 0.2060546875
19 0.1279296875 0.478515625 0.12109375 0.5029296875 0.111328125 0.6201171875 0.2099609375 0.62890625 0.2265625 0.4873046875 0.1279296875 0.478515625
22 0.72265625 0.6162109375 0.740234375 0.5322265625 0.7392578125 0.51953125 0.6123046875 0.4921875 0.5986328125 0.4921875 0.595703125 0.4990234375 0.580078125 0.5751953125 0.5830078125 0.58984375 0.7158203125 0.619140625 0.72265625 0.6162109375
0 0.556640625 0.4833984375 0.5537109375 0.46875 0.4228515625 0.443359375 0.41796875 0.4462890625 0.412109375 0.4716796875 0.4013671875 0.541015625 0.5263671875 0.56640625 0.541015625 0.5634765625 0.556640625 0.4833984375
5 0.5537109375 0.609375 0.537109375 0.6865234375 0.5361328125 0.7109375 0.6748046875 0.73828125 0.6953125 0.6396484375 0.5537109375 0.609375
6 0.572265625 0.4677734375 0.587890625 0.3896484375 0.5849609375 0.373046875 0.4541015625 0.34765625 0.44921875 0.3525390625 0.443359375 0.3798828125 0.431640625 0.4404296875 0.4345703125 0.4453125 0.5576171875 0.470703125 0.572265625 0.4677734375
27 0.5859375 0.8310546875 0.595703125 0.7412109375 0.5908203125 0.728515625 0.4541015625 0.712890625 0.447265625 0.7314453125 0.439453125 0.8017578125 0.4423828125 0.8203125 0.5634765625 0.833984375 0.5859375 0.8310546875
37 0.4453125 0.5615234375 0.4306640625 0.5546875 0.3486328125 0.541015625 0.341796875 0.5537109375 0.318359375 0.6669921875 0.3193359375 0.685546875 0.4150390625 0.703125 0.419921875 0.6962890625 0.4453125 0.5615234375
29 0.314453125 0.6689453125 0.326171875 0.5322265625 0.3095703125 0.52734375 0.2275390625 0.521484375 0.22265625 0.5263671875 0.21875 0.5615234375 0.208984375 0.6630859375 0.2392578125 0.669921875 0.3095703125 0.673828125 0.314453125 0.6689453125
31 0.373046875 0.5302734375 0.392578125 0.4462890625 0.3896484375 0.439453125 0.2646484375 0.41015625 0.25 0.4130859375 0.244140625 0.4326171875 0.228515625 0.4970703125 0.2314453125 0.5078125 0.3623046875 0.537109375 0.373046875 0.5302734375
49 0.544921875 0.5712890625 0.4501953125 0.552734375 0.4453125 0.5595703125 0.4296875 0.6376953125 0.4228515625 0.6953125 0.5185546875 0.712890625 0.5234375 0.7041015625 0.544921875 0.5712890625