27 0.41958917968750004 0.49294072812499995 0.39758057812500003 0.50751185 0.3484016234375 0.5505400578125 0.42025800156250004 0.643123878125 0.4299478453125 0.6410344171875 0.49422780624999996 0.5839420671875 0.49323018437500005 0.576296934375 0.41958917968750004 0.49294072812499995
32 0.17575055781249999 0.5406079796875 0.1814683984375 0.5462527390624999 0.1883759921875 0.545745759375 0.258968671875 0.4912223 0.1930795421875 0.4061945234375 0.12114377031250001 0.4580600046875 0.17575055781249999 0.5406079796875
33 0.328314321875 0.4271424234375 0.2658595953125 0.35316445625 0.19561238593750002 0.40270076093749996 0.196360603125 0.4084346109375 0.25384570625 0.4825016671875 0.25956354843749996 0.48814642968750005 0.2642837671875 0.48614605781250003 0.33149931875 0.4362809484375 0.328314321875 0.4271424234375
35 0.40297688281250005 0.25875019843749997 0.339982740625 0.30279236875 0.34073095625 0.3085262171875 0.4018425921875 0.37984620625 0.409843871875 0.380085921875 0.469806359375 0.3357149484375 0.4688087375 0.32806981562500004 0.40297688281250005 0.25875019843749997
40 0.3412225078125 0.7092932140625 0.2856753734375 0.634808265625 0.2660850671875 0.61446930625 0.1895824171875 0.6771448796875 0.2541857296875 0.7752228359375 0.2620909453125 0.7823609874999999 0.26681116718750003 0.780360615625 0.3419707234375 0.7150270640625 0.3412225078125 0.7092932140625
48 0.789680346875 0.595887390625 0.79727888125 0.5854060999999999 0.738853434375 0.5194020703125 0.710513628125 0.493089546875 0.6527385171875 0.5389539109375 0.6453893875000001 0.551346484375 0.7181861125 0.635867278125 0.7285281078125 0.6464101062500001 0.733248328125 0.644409734375 0.789680346875 0.595887390625
0 0.46598588124999996 0.45149499843749996 0.420433459375 0.49177613906250006 0.491042809375 0.57480354375 0.49676065156250004 0.5804483046875 0.49954290312499994 0.5788658250000001 0.5655114265625001 0.5194443 0.48799448125 0.4369238765625 0.46598588124999996 0.45149499843749996
8 0.860963965625 0.531389621875 0.86324740625 0.5259845750000001 0.7868241484375 0.44421084843749997 0.7791683390624999 0.4389839796875 0.77335443125 0.4402376546875 0.7175172890625 0.48568412812500006 0.7135452859375 0.49341834999999995 0.7948421031249999 0.582001425 0.8028433843749999 0.5822411421875 0.860963965625 0.531389621875
1 0.57257780625 0.23003871875 0.5117710390625 0.2755742796875 0.5176422203125 0.29002876093749996 0.573132078125 0.34880555 0.583570140625 0.352449940625 0.6388124078125 0.31007934062500003 0.6447223796875 0.301927225 0.57257780625 0.23003871875
2 0.6327897 0.187579028125 0.5756094625 0.230367521875 0.63547406875 0.29213109375 0.6477540359375 0.302256028125 0.6505362859375 0.3006735484375 0.704089990625 0.26063212343750003 0.7039366484375 0.251822403125 0.6327897 0.187579028125
3 0.7567994125 0.2217552859375 0.764397946875 0.21127399531250002 0.7009068078125 0.1522574921875 0.693250996875 0.147030621875 0.687437090625 0.1482842984375 0.6400427640624999 0.18208489218749999 0.63800873125 0.189401221875 0.7063734296875 0.2552270765625 0.7121873359374999 0.2539734 0.7567994125 0.2217552859375
4 0.7618669171875 0.1155316515625 0.7478983890625 0.107735890625 0.696282653125 0.14735942500000002 0.764397946875 0.21127399531250002 0.7723992281250001 0.2115137109375 0.8186998671874999 0.1769664203125 0.8226718703125 0.16923219843749998 0.7618669171875 0.1155316515625
13 0.30016301562500003 0.585505240625 0.2708052875 0.612468934375 0.33903513125 0.7077998234375 0.34450356875 0.7115333015624999 0.3492237875 0.7095329296874999 0.42050740624999994 0.6450351609375 0.34561937343750004 0.5521225375000001 0.30016301562500003 0.585505240625
21 0.572858740625 0.6062878359375 0.5738563625 0.6139329671875 0.6050356953125 0.6543711703125 0.6500874890625 0.709503571875 0.6583381765625 0.71165456875 0.7279332328125 0.6494859765625 0.6442957 0.5505997875 0.572858740625 0.6062878359375
26 0.33526252031250003 0.304792740625 0.2686418453125 0.3515819765625 0.328563728125 0.4290537078125 0.3342815703125 0.4346984703125 0.3370638203125 0.433115990625 0.402341403125 0.3836687734375 0.39696902968750003 0.37303685781249996 0.33526252031250003 0.304792740625