13 0.2583493140625 0.35962201875 0.2615737640625 0.3006865171875 0.25463555625 0.29249552031250003 0.1608173765625 0.2948382078125 0.1562413734375 0.3216325859375 0.15474278125000002 0.3608659625 0.1596824109375 0.365321584375 0.2583493140625 0.35962201875
18 0.25740684062499997 0.3626371453125 0.1596824109375 0.365321584375 0.156900446875 0.3782732109375 0.15657159375000002 0.4340227125 0.2572143484375 0.43010539531249997 0.260666065625 0.3907011421875 0.25740684062499997 0.3626371453125
19 0.1503833671875 0.4902848421875 0.1534835046875 0.5046769640625001 0.237536059375 0.503188659375 0.25410353125 0.4988065234375 0.2592583796875 0.43774701875 0.25624915000000004 0.43116739531250003 0.16829034375000002 0.43299745468750006 0.15657159375000002 0.4340227125 0.1536987234375 0.4391618390625 0.1503833671875 0.4902848421875
20 0.51126626875 0.16837735 0.506463 0.175640478125 0.5393145453125 0.22653195625000003 0.615974359375 0.17779015625 0.5850532125 0.12477467499999999 0.51126626875 0.16837735
17 0.400760409375 0.752848678125 0.40186196875 0.7635054265625 0.42690101406250003 0.8150804109375 0.515279578125 0.7653133515625 0.4881965015625 0.7060967437500001 0.400760409375 0.752848678125
27 0.707183078125 0.455256971875 0.618145440625 0.44838340624999995 0.6097768218749999 0.4852851625 0.6110829203125 0.5135200359375001 0.6971795078125 0.5196733546875001 0.7019600500000001 0.5104571015625 0.707183078125 0.455256971875
32 0.6952263828125 0.51984423125 0.6052235453125 0.514032665625 0.6005793640625 0.53496766875 0.5969912875000001 0.562653171875 0.600136878125 0.58095154375 0.6871986640625 0.5860428609375 0.6952263828125 0.51984423125
33 0.587884734375 0.620148178125 0.587237709375 0.648553928125 0.675310146875 0.6564894953125 0.6872441171875 0.5899491109375 0.596230628125 0.581293296875 0.587884734375 0.620148178125
46 0.831752640625 0.575351140625 0.8261312109375 0.51230176875 0.7402391640625 0.5237265765625 0.7397284984375 0.5638510765625 0.7419316171875 0.5851645750000001 0.7468712453124999 0.589620196875 0.831752640625 0.575351140625
47 0.7429649953124999 0.58996195 0.7446119953125 0.6474936984374999 0.749597078125 0.6558555703125 0.8344557453125001 0.6396333890625 0.8288343156250001 0.5765840171875001 0.7429649953124999 0.58996195
48 0.745690828125 0.6561973234375 0.752322909375 0.7220909437499999 0.8391347015624999 0.7056978875000001 0.8366134093750001 0.6570406375 0.8315374203125 0.6408662656249999 0.745690828125 0.6561973234375
50 0.5158209140625 0.3077694734375 0.5024097109375 0.24735673125000002 0.4146554453125 0.2667649140625 0.41187348124999995 0.2797165421875 0.425193778125 0.3323167828125 0.5090417921875 0.313250353125 0.5158209140625 0.3077694734375
51 0.425193778125 0.3323167828125 0.4223436328125 0.3394090359375 0.43573210937500007 0.3978686515625 0.5263592453125 0.3733213421875 0.5129480421875 0.3129086 0.425193778125 0.3323167828125
52 0.5225439015625 0.38147559375 0.517604271875 0.37701997187499997 0.43377898437500007 0.398039528125 0.42899844218750005 0.40725578125000006 0.44236419062500004 0.46376227343750004 0.5329913265624999 0.43921496250000003 0.5225439015625 0.38147559375
7 0.5470815921875001 0.22194220156250002 0.542255596875 0.2272522046875 0.57317674375 0.280267684375 0.6517896828125 0.2313550078125 0.6208685359375 0.17833952656250002 0.5470815921875001 0.22194220156250002
34 0.47933446875 0.11251762031250001 0.47453120000000004 0.1197807484375 0.50736001875 0.168719103125 0.584042559375 0.1219304265625 0.5531441390625 0.07086807187500001 0.47933446875 0.11251762031250001
4 0.34457295 0.6287269640625001 0.343744109375 0.6415077140625 0.36878315625 0.6930826984375 0.45718444687500004 0.6452687640625 0.4300786421875 0.58409903125 0.34457295 0.6287269640625001
31 0.4852781765625 0.707329621875 0.46012549687500004 0.6459890125000001 0.3726666796875 0.6907878203125 0.3697938078125 0.6959269484374999 0.394901034375 0.75336130625 0.402713534375 0.7526778015625 0.4852781765625 0.707329621875