34 0.1213439609375 0.5016528453125 0.11360009374999999 0.39459091874999996 0.030473959374999998 0.397478159375 0.0278308328125 0.41420257656250004 0.0374960734375 0.519222071875 0.11870083437500001 0.5183772640625001 0.1213439609375 0.5016528453125
38 0.20865417812499998 0.514196121875 0.2109559703125 0.4779563203125 0.20554308125 0.392270421875 0.20056897812500002 0.3876188109375 0.1165162890625 0.3934788078125 0.1215828953125 0.515313615625 0.1617561328125 0.5183291265625 0.20865417812499998 0.514196121875
30 0.22211369374999998 0.38857051249999996 0.2272144328125 0.5123568578125 0.31428571562499996 0.5112393671875 0.3130959921875 0.38727123125 0.30616638281249997 0.382710515625 0.22211369374999998 0.38857051249999996
5 0.4296606578125 0.5058766 0.42843680156249997 0.3799569265625 0.33944414218749996 0.38311685 0.34262350937499997 0.508945628125 0.4296606578125 0.5058766
6 0.43330850156249995 0.378753921875 0.43254271875 0.50281295 0.44338334375 0.5071918765625 0.5196481359375 0.5036469953125 0.5223352921875 0.3775455359375 0.43330850156249995 0.378753921875
8 0.6135124953125 0.4992840671875 0.61616551875 0.3712310671875 0.5252173531250001 0.3744818859375 0.5245198375 0.5024439921875 0.6135124953125 0.4992840671875
9 0.6163945546875 0.49622041875 0.63701271875 0.5001448734375 0.7074109875000001 0.4968726765625 0.7121461546875001 0.4878635171875 0.7139750265625 0.3686378875 0.7070454171875 0.364077171875 0.6229585953125001 0.36798562968750004 0.6181210265625 0.3711401734375 0.6165409875 0.39269798906250003 0.6163945546875 0.49622041875
12 0.820830421875 0.491600803125 0.82540481875 0.3615053703125 0.7344225203125 0.36280465 0.729584953125 0.36595919375 0.728039046875 0.3894685484375 0.7278926171875 0.49299097812500003 0.7856654203125 0.49518844062499995 0.820830421875 0.491600803125
3 0.8286835140625 0.422999178125 0.8247414375 0.4914190140625 0.917645109375 0.48807730156250007 0.9241408812499999 0.3559394359375 0.830276521875 0.3603023671875 0.8286835140625 0.422999178125
13 0.2539622890625 0.64294951875 0.2587657234375 0.6378434375 0.254728071875 0.518890490625 0.24779846249999998 0.514329775 0.16374577343750002 0.5201897703125 0.1611709140625 0.540817265625 0.1688465125 0.643976115625 0.2539622890625 0.64294951875
20 0.3791489015625 0.63908381875 0.3798805515625 0.5130732515624999 0.29085376093750004 0.5142816375 0.2920776171875 0.640201309375 0.3791489015625 0.63908381875
21 0.4710918859375 0.636763321875 0.471789403125 0.5088012156249999 0.3808412375 0.5120520359375 0.3820309625 0.63602016875 0.4710918859375 0.636763321875
47 0.747584225 0.49988818906250004 0.6546122859375 0.499326825 0.64795574375 0.510378415625 0.650072021875 0.6313737953125 0.7410543203125 0.6300745140624999 0.7457212203125 0.6171622796875 0.747584225 0.49988818906250004