52 0.2726760921875 0.2106694890625 0.2817510578125 0.1050714375 0.2115421078125 0.0945276015625 0.2068936109375 0.104047309375 0.20138925 0.158005534375 0.20121207343749997 0.2006437203125 0.2726760921875 0.2106694890625
41 0.29043423125 0.1045275578125 0.284158890625 0.10711789218750001 0.2764412953125 0.20911528750000002 0.3504154515625 0.21810492187500002 0.35881173125 0.11430720000000001 0.29043423125 0.1045275578125
42 0.427476125 0.22734068437500002 0.4347196390625 0.12097843906250001 0.3638320046875 0.11223493124999999 0.35918350781249997 0.12175464062500001 0.35062005625000003 0.21193974375 0.3535019703125 0.21835104843750003 0.427476125 0.22734068437500002
51 0.467119009375 0.84185175 0.4542165671875 0.7270833718749999 0.38224103125000003 0.73247055 0.3782712203125 0.7401899296875001 0.3794888515625 0.7594496609375 0.3902255046875 0.8462286078125001 0.467119009375 0.84185175
46 0 0.65821249375 0.018785340625 0.6620716515625 0.07512367343750001 0.66161901875 0.0768728375 0.552964190625 0.00394914375 0.54962166875 0 0.5577091640625 0 0.65821249375
6 0.156730540625 0.6644176625 0.15345943125 0.5578351031250001 0.084877325 0.5542206390625 0.0779232984375 0.558611303125 0.0782101921875 0.6618651453125 0.0935404859375 0.6661783703124999 0.156730540625 0.6644176625
11 0.462899740625 0.726539490625 0.457098478125 0.733494678125 0.4683740765625 0.8413336843750001 0.5470990328124999 0.8377210203125 0.533517903125 0.7247529687500001 0.462899740625 0.726539490625
3 0.5072763765625 0.47107356093749997 0.48345009375 0.368415228125 0.41378008906249997 0.37893145 0.4079788265625 0.3858866359375 0.43248379375 0.48674464375 0.48410876406250003 0.479116509375 0.5072763765625 0.47107356093749997
33 0.2365059578125 0.666452109375 0.2339135328125 0.5580692218750001 0.16031115625 0.556527028125 0.1551885796875 0.5616818859375 0.154779365625 0.57401224375 0.1573069234375 0.665699921875 0.2365059578125 0.666452109375
30 0.35711483125 0.5011334625 0.364440634375 0.5041902390625 0.4312287265625 0.48726270937500005 0.40557099374999994 0.38384018124999997 0.340242578125 0.3940844640625 0.3339672359375 0.3966748 0.33240525781249997 0.4064406359375 0.35711483125 0.5011334625
29 0.889493225 0.51700624375 0.884166040625 0.52832628125 0.87780581875 0.62672301875 0.954290109375 0.63467651875 0.9615336250000001 0.5283142734374999 0.889493225 0.51700624375
28 0.8101270203125001 0.5026414375 0.806157209375 0.5103608171875 0.7991183000000001 0.6105578828125 0.87675535625 0.62107590625 0.883998871875 0.5147136609375 0.8101270203125001 0.5026414375
39 0.73121488125 0.6051430921875001 0.7978632328125 0.61107595 0.8066312890624999 0.5147256687499999 0.8039539828125 0.502149184375 0.731234896875 0.49264148125 0.7247549484375 0.5013969953124999 0.718394725 0.599793734375 0.73121488125 0.6051430921875001
24 0.6134979265625 0.7206222390625 0.5999990859375 0.7170732078125 0.5385381765624999 0.7226807015625 0.5395137640625001 0.767883409375 0.5501855515625 0.8379671484375001 0.6252476046875 0.8328260953125 0.6134979265625 0.7206222390625
43 0.5826453390624999 0.4566847421875 0.5558348421875 0.350697690625 0.48914905312499996 0.36454263125 0.48402647656250003 0.3696974875 0.4861274015625 0.3809917125 0.5103628953125 0.47131968906250005 0.5826453390624999 0.4566847421875