9 0.21423210468749998 0.4095434453125 0.14121149375 0.44379092187499997 0.1412455828125 0.44965029687499997 0.1886546421875 0.5439037875 0.1984316296875 0.54636870625 0.2685168703125 0.5109911281249999 0.26848278125 0.5051317531249999 0.21423210468749998 0.4095434453125
10 0.39674134375 0.40055931874999995 0.446114890625 0.49686829218749995 0.453950115625 0.501183978125 0.5221049578125 0.4696102921875 0.5161546796875001 0.45367821406250003 0.4678429171875 0.3720688578125 0.39674134375 0.40055931874999995
11 0.5299060953125 0.46806660312500004 0.5941546875 0.436288196875 0.537962246875 0.3425506546875 0.47076692343750004 0.371245834375 0.5220935953125 0.4676571671875 0.5299060953125 0.46806660312500004
12 0.6061170890625001 0.31097696875 0.5389217656249999 0.339672146875 0.5902029843750001 0.42827097968750005 0.5951255671875 0.4353628140625 0.6000026984375 0.43464215 0.6535602359375 0.4110898328125 0.664251290625 0.40286374374999995 0.6061170890625001 0.31097696875
1 0.7806105984375 0.602262296875 0.7283925859375 0.5204482234375 0.6573137375 0.552844934375 0.661299528125 0.5667215265625 0.7145452359375 0.65737584375 0.71945645625 0.6625145531250001 0.7262867125 0.661896246875 0.792477065625 0.6282670765625 0.7806105984375 0.602262296875
26 0.4047987984375 0.6108785125 0.3755701 0.621061878125 0.3259301765625 0.6467720375 0.3754173515625 0.7626122625 0.385194340625 0.76507718125 0.45917446875 0.727951196875 0.459129015625 0.720138696875 0.4047987984375 0.6108785125
49 0.1382874875 0.444613946875 0.059418865625 0.48050747187500004 0.104897525 0.578564853125 0.1098087453125 0.5837035625 0.1185921265625 0.583187615625 0.1886773671875 0.5478100375 0.18864327812499998 0.5419506625 0.1382874875 0.444613946875
52 0.2402426609375 0.6852369953124999 0.28777671250000003 0.800974859375 0.29562330000000003 0.8072436703125 0.377393203125 0.7666208703125 0.3230061703125 0.6475950625 0.3132519078125 0.6490363921875 0.2402426609375 0.6852369953124999
41 0.7984891890625 0.48702377031250005 0.734217871875 0.514895925 0.7313279546875 0.5215783234375 0.7924429765625 0.6224077015625 0.8002668406250001 0.6247702609375 0.8635445515625 0.5939172390625 0.8644927062500001 0.5890856062500001 0.7984891890625 0.48702377031250005
42 0.405746953125 0.6060468796875 0.457164528125 0.7180832125000001 0.46499975468750004 0.7223988984374999 0.5389798828125001 0.6852729125 0.49747565 0.599139 0.4807206875 0.5719017625 0.405746953125 0.6060468796875
43 0.48364469374999997 0.5710787374999999 0.53895715625 0.6813666625 0.54676965625 0.6817760984375 0.6168662609375 0.6483516453125 0.616832171875 0.6424922703125 0.5566653046875001 0.5368312609375 0.48364469374999997 0.5710787374999999
14 0.92974626875 0.56224119375 0.9326248218750001 0.5536056703125001 0.8774600781249999 0.46870836875000005 0.8686085203125 0.4575055671875 0.8627491453125 0.4571984890625 0.8043258390625001 0.48342459687500006 0.8014245593749999 0.4881538703125 0.8605523671875 0.5830215140624999 0.8703520812500001 0.589392684375 0.92974626875 0.56224119375
36 0.29018808281249997 0.37642606875 0.21912059843749998 0.41077590468749997 0.21915468749999997 0.41663527968749997 0.2684941453125 0.5070848781249999 0.2782711328125 0.5095497984375 0.34641461093750003 0.47602298593750003 0.33059644062500004 0.442000990625 0.29018808281249997 0.37642606875