13 0.54567540625 0.6107075125 0.5396645109375 0.56787520625 0.481126984375 0.57964021875 0.4842725453125 0.6239272609375 0.54567540625 0.6107075125
13 0.20207548593750002 0.579673246875 0.1997572078125 0.5888300765625 0.2260100171875 0.6380101703125 0.2687164828125 0.61233808125 0.24023433593750002 0.5596349234375 0.20207548593750002 0.579673246875
18 0.3456768796875 0.609174365625 0.347543746875 0.6215262765625 0.40381081874999997 0.6335235140625 0.417494784375 0.5893369015625 0.3600446640625 0.574615371875 0.3456768796875 0.609174365625
20 0.3332371890625 0.75447215 0.330918909375 0.7636289796875 0.3461617984375 0.7971192765625 0.40633378750000004 0.7665698187500001 0.388588034375 0.7257054093749999 0.3332371890625 0.75447215
20 0.63545806875 0.5790893578125 0.6349588359375 0.58599268125 0.6666687828125 0.6284122546875001 0.701415246875 0.6021265734375 0.6673391984375 0.5542584109375001 0.63545806875 0.5790893578125
21 0.648936434375 0.6713293078125 0.6506187171875 0.667150278125 0.63933526875 0.647609434375 0.618498478125 0.6189541328125 0.5882996312500001 0.6396060484375 0.5840255421875 0.6490908625 0.61391644375 0.69376394375 0.648936434375 0.6713293078125
19 0.34456936875 0.509988715625 0.346299471875 0.5204151031250001 0.40256654375 0.5324123390625 0.41638727500000006 0.4901512515625 0.35893715312499996 0.475429721875 0.34456936875 0.509988715625
21 0.1427996171875 0.5253144921875 0.1537684171875 0.5682896015625001 0.2202181265625 0.5425327640625001 0.20965961718749998 0.505334225 0.2044281828125 0.501340371875 0.1427996171875 0.5253144921875
23 0.6083234531249999 0.41996924062499996 0.599125878125 0.3601352078125 0.5572811140625 0.3700751265625 0.5664786890625 0.429909159375 0.6083234531249999 0.41996924062499996
24 0.5857623484375 0.70140798125 0.5351781203125 0.671895853125 0.5145326171875 0.7016622265625 0.5114415796875 0.71387133125 0.5578406593749999 0.7401883796875001 0.5646176125 0.738077678125 0.5857623484375 0.70140798125
25 0.38102491875 0.6470869265625 0.379527221875 0.6677968984375 0.3862630546875 0.692971509375 0.44907467187499994 0.671721684375 0.43915215781250005 0.6295453453125 0.38102491875 0.6470869265625
25 0.674753059375 0.2685402125 0.672298015625 0.27577151875 0.697046425 0.30377085312499996 0.7427071656249999 0.26396413281250003 0.717685228125 0.23211374999999998 0.674753059375 0.2685402125
14 0.37052854687500003 0.42964556875 0.3326365203125 0.411644209375 0.30162379375000004 0.4626337140625 0.2999415109375 0.46681274375 0.3072655171875 0.47240413593749997 0.339926109375 0.48641164375 0.37052854687500003 0.42964556875
15 0.7003479453125 0.7542853093749999 0.6894747875 0.7405210359375001 0.6676395312500001 0.7256723828125 0.6285300390625 0.774122771875 0.6571900687500001 0.8014661406249999 0.6666955906250001 0.795975178125 0.7003479453125 0.7542853093749999
16 0.5322591765625 0.3382247421875 0.5000021734375 0.288103075 0.4640726609375 0.3116644609375 0.49346433125000005 0.363240865625 0.5322591765625 0.3382247421875
17 0.2190359875 0.261178771875 0.212806090625 0.27099156875 0.2545686125 0.315622275 0.2890415484375 0.285485546875 0.2490980703125 0.2386013328125 0.2190359875 0.261178771875
27 0.32999019218750003 0.36045384375 0.3353583890625 0.36637321875 0.38157288437500003 0.37615932343749997 0.3942172671875 0.37306467187500003 0.403763909375 0.340288396875 0.40217056875 0.33178753437499997 0.3478593046875 0.3194623125 0.341219115625 0.3234985390625 0.3363090328125 0.337961153125 0.32999019218750003 0.36045384375
35 0.512270684375 0.21005580781250002 0.51177145 0.2169591328125 0.5360684515624999 0.26646721093750003 0.5751368234374999 0.24530213281250002 0.550566296875 0.191943009375 0.512270684375 0.21005580781250002
37 0.3789542734375 0.2139021828125 0.3811013703125 0.271995871875 0.4234931875 0.2697580484375 0.42393789843749996 0.20635857500000002 0.3854576984375 0.2079404328125 0.3789542734375 0.2139021828125
29 0.322056996875 0.527403175 0.278981359375 0.52001338125 0.263341584375 0.5645279750000001 0.2585682640625 0.5809161125 0.2617071234375 0.5833124234375 0.3037364734375 0.589903446875 0.322056996875 0.527403175
29 0.4609462921875 0.671679309375 0.44021184687500003 0.7141255765625 0.478103871875 0.7321269375 0.5085695453125 0.6734353375000001 0.47263332968749994 0.6551059953125 0.4609462921875 0.671679309375
31 0.4894016328125 0.5568195453125 0.48607148593750005 0.4960015609375 0.4439531953125 0.5020904328125 0.44728334218750004 0.562908415625 0.4894016328125 0.5568195453125
8 0.673987 0.31348322031250003 0.658798634375 0.33648907031249997 0.70183315 0.3711641765625 0.72807255625 0.33656281093749996 0.6889496609375 0.3012317375 0.673987 0.31348322031250003
8 0.25922527500000003 0.42298080625 0.2539938421875 0.41898695625000004 0.1962768953125 0.4423051078125 0.193958615625 0.4514619390625 0.20933826875 0.486877759375 0.2717395953125 0.45985136249999997 0.25922527500000003 0.42298080625
11 0.48466181875 0.7826613375 0.4879307421875 0.7450924390625 0.4843815921875 0.736919559375 0.42725281875 0.7406544921875 0.422568440625 0.7443627359375 0.4209818 0.7777526015625 0.424804478125 0.78977653125 0.48466181875 0.7826613375
12 0.2870571109375 0.6755100015625 0.248932678125 0.6263722828125 0.21145764687500002 0.656038221875 0.24867255625 0.7063026953125 0.2870571109375 0.6755100015625
2 0.5290036578125 0.4595751015625 0.5154430515625 0.4219057734375 0.46136419687499997 0.4407169140625 0.45945620781249996 0.4556503140625 0.4703771875 0.48402000625 0.524456040625 0.4652088671875 0.5290036578125 0.4595751015625
3 0.478782809375 0.14260442812500002 0.4631296296875 0.10333756093749999 0.4072317296875 0.1244022078125 0.40477668749999995 0.13163351406249998 0.4201563390625 0.167049334375 0.47423519531249997 0.1482381953125 0.478782809375 0.14260442812500002
48 0.6278605359375 0.5696469171875 0.616118975 0.529724084375 0.5581285015625 0.5491911890625001 0.5689605390625 0.5902407765625 0.6278605359375 0.5696469171875
52 0.6616907734375 0.5025972578125 0.6610547765625 0.5075750593749999 0.6839841421874999 0.5378279 0.7336932640625 0.49929073749999997 0.7106271375000001 0.467112371875 0.6616907734375 0.5025972578125
41 0.47359828750000005 0.43184569218749996 0.46954320312500003 0.3886854046875 0.409822625 0.397726121875 0.4119219 0.44121439375 0.47359828750000005 0.43184569218749996
42 0.6098555703125 0.330083225 0.6123106125 0.32285191874999997 0.598838946875 0.272502696875 0.593744278125 0.27043436875000004 0.55894999375 0.28211463281250004 0.5571787687499999 0.2989735578125 0.5702401421875 0.3435462078125 0.6098555703125 0.330083225
43 0.60873374375 0.42574581250000004 0.606415465625 0.4349026421875 0.621521590625 0.46646741562500005 0.676099678125 0.4407529515625 0.6604464984375 0.401486084375 0.60873374375 0.42574581250000004
43 0.1483667140625 0.352916571875 0.1439558625 0.3604758625 0.1728894171875 0.391670278125 0.22623663437500002 0.34862610312500003 0.19716631406250001 0.3155061625 0.1483667140625 0.352916571875