0 0.1279296875 0.626953125 0.0537109375 0.65625 0.05078125 0.6669921875 0.0830078125 0.763671875 0.16015625 0.7275390625 0.1279296875 0.626953125
5 0.2041015625 0.595703125 0.1337890625 0.623046875 0.130859375 0.6298828125 0.1630859375 0.7265625 0.240234375 0.6943359375 0.2041015625 0.595703125
6 0.2783203125 0.564453125 0.2099609375 0.58984375 0.20703125 0.6005859375 0.2412109375 0.69140625 0.314453125 0.6591796875 0.2783203125 0.564453125
7 0.3486328125 0.53515625 0.2841796875 0.560546875 0.279296875 0.5654296875 0.3173828125 0.66015625 0.388671875 0.6279296875 0.3486328125 0.53515625
8 0.455078125 0.5830078125 0.4169921875 0.5078125 0.3525390625 0.533203125 0.3515625 0.5400390625 0.3916015625 0.62890625 0.458984375 0.5986328125 0.455078125 0.5830078125
20 0.2158203125 0.37109375 0.1513671875 0.392578125 0.150390625 0.4013671875 0.1806640625 0.48046875 0.248046875 0.4541015625 0.2158203125 0.37109375
21 0.2822265625 0.349609375 0.2216796875 0.369140625 0.216796875 0.3740234375 0.2509765625 0.455078125 0.31640625 0.4306640625 0.2822265625 0.349609375
22 0.3466796875 0.326171875 0.2861328125 0.345703125 0.283203125 0.3505859375 0.3173828125 0.427734375 0.3828125 0.4052734375 0.3466796875 0.326171875
46 0.8251953125 0.361328125 0.7724609375 0.37890625 0.767578125 0.3857421875 0.8134765625 0.462890625 0.873046875 0.4384765625 0.8251953125 0.361328125
47 0.8818359375 0.341796875 0.8291015625 0.359375 0.828125 0.3642578125 0.8740234375 0.4375 0.9296875 0.4169921875 0.8818359375 0.341796875
48 0.8837890625 0.33984375 0.9306640625 0.416015625 0.986328125 0.3955078125 0.9365234375 0.322265625 0.8837890625 0.33984375
49 0.5087890625 0.30078125 0.4521484375 0.3203125 0.453125 0.3330078125 0.4892578125 0.400390625 0.548828125 0.3759765625 0.5087890625 0.30078125
50 0.5126953125 0.298828125 0.5498046875 0.375 0.607421875 0.3544921875 0.5673828125 0.279296875 0.5126953125 0.298828125
51 0.6240234375 0.2578125 0.5732421875 0.275390625 0.568359375 0.2802734375 0.6083984375 0.3515625 0.666015625 0.3291015625 0.6240234375 0.2578125
37 0.62109375 0.6240234375 0.5751953125 0.53125 0.5126953125 0.5546875 0.509765625 0.5615234375 0.513671875 0.5712890625 0.5556640625 0.654296875 0.62109375 0.6240234375
38 0.6396484375 0.505859375 0.5810546875 0.529296875 0.578125 0.5341796875 0.6240234375 0.623046875 0.689453125 0.5947265625 0.6396484375 0.505859375
39 0.7041015625 0.48046875 0.6455078125 0.501953125 0.642578125 0.5087890625 0.6904296875 0.59375 0.751953125 0.5673828125 0.7041015625 0.48046875