27 0.39972553125 0.61291270625 0.324115975 0.5318000328125 0.316879878125 0.53460704375 0.2573010015625 0.5902482796874999 0.2551882828125 0.5957898687500001 0.33161653125 0.68104465 0.37524433125 0.642084515625 0.3988012265625 0.61982963125 0.39972553125 0.61291270625
32 0.1599567953125 0.5382913203124999 0.1605113765625 0.534141165625 0.08920650625 0.45162096093750004 0.08234013125 0.451661203125 0.018456567187500002 0.5087099687500001 0.01634385 0.5142515578125 0.09002555 0.5995224359375 0.0972616453125 0.5967154234375001 0.1192604078125 0.5758519718749999 0.1599567953125 0.5382913203124999
33 0.23062748281249998 0.471526665625 0.1557573703125 0.3848804515625 0.0873842609375 0.4447201328125 0.086829678125 0.4488702875 0.1605113765625 0.534141165625 0.23062748281249998 0.471526665625
35 0.3023017265625 0.40752073125 0.30642155 0.4074965875 0.37360624531250003 0.3462815703125 0.2987361328125 0.25963535625 0.23036302343749998 0.3194750375 0.229808440625 0.323625190625 0.3023017265625 0.40752073125
26 0.1590585015625 0.3807142 0.15850391875 0.3848643546875 0.23218561875 0.4701352328125 0.23786358124999998 0.46871965312499997 0.3019320046875 0.410287503125 0.22862002656249997 0.3222498546875 0.22450019999999998 0.322274 0.1590585015625 0.3807142
0 0.4702113578125 0.5475314375 0.4139861546875 0.48565738124999996 0.3904819765625 0.4664429078125 0.3262286921875 0.5262584453125 0.3256741109375 0.5304086 0.4009139453125 0.61428804375 0.411451175 0.6073147796875 0.4505894265625 0.5711455625 0.4702113578125 0.5475314375
8 0.6903312796875001 0.4508625765625 0.66009286875 0.4717743171875 0.6180232046875 0.5093430171875 0.6174686234375 0.5134931734375 0.6907806015625 0.6015308203124999 0.6949004265625 0.601506675 0.7632735375 0.54166699375 0.7461867609375 0.515503403125 0.6903312796875001 0.4508625765625
1 0.41910901093749997 0.27275290625 0.4185544296875 0.2769030625 0.463344459375 0.331932628125 0.49223612968749997 0.362173940625 0.562352234375 0.2995594390625 0.490228671875 0.21289712968750002 0.4845507109375 0.21431270625 0.41910901093749997 0.27275290625
2 0.5639103703125 0.29816800625 0.5680301953125 0.2981438609375 0.63365675625 0.23832027656250002 0.56272160625 0.15303330312500002 0.55585523125 0.1530735453125 0.4904135328125 0.2115137453125 0.5639103703125 0.29816800625
3 0.5615331921875 0.151657965625 0.6352148921875 0.23692884374999998 0.703403140625 0.178472546875 0.6328377125 0.090418803125 0.627159753125 0.09183438125 0.5620877734375 0.1475078109375 0.5615331921875 0.151657965625
4 0.7065194124999999 0.17568968125 0.7106392375 0.1756655359375 0.7762657984375 0.11584195 0.7025840984375 0.030571073437500002 0.634580709375 0.087643984375 0.634026128125 0.09179414062499999 0.7065194124999999 0.17568968125
40 0.2583841546875 0.7464420171875 0.1831443203125 0.662562571875 0.1774663578125 0.6639781515625 0.1132130734375 0.7237936875 0.187898325 0.8118232859375001 0.1920181515625 0.811799140625 0.23115640625 0.7756299234374999 0.257829571875 0.7505921703125 0.2583841546875 0.7464420171875
13 0.3267572640625 0.6866023359375 0.3288699828125 0.681060746875 0.253630146875 0.5971813015625 0.24951032187500002 0.597205446875 0.2043243859375 0.6375570140625 0.1831443203125 0.662562571875 0.2583841546875 0.7464420171875 0.2625039796875 0.7464178703125001 0.275153925 0.73390301875 0.3267572640625 0.6866023359375
21 0.5474321171875001 0.7295426875000001 0.5515519421875 0.729518540625 0.6202947734375 0.666912090625 0.5446059671875 0.57612376875 0.47504444218749997 0.6345881140625 0.47649696874999997 0.6442557125 0.5474321171875001 0.7295426875000001
48 0.5467186828124999 0.57058218125 0.5564901109375 0.5898771375 0.6179179453125 0.6641614171875 0.6247843203125 0.664121175 0.691969015625 0.6029061578125 0.6186570390624999 0.5148685109375 0.6117906625 0.5149087515625 0.5467186828124999 0.57058218125