0 0.06423935625 0.782910175 0.0639298203125 0.794016409375 0.1182419921875 0.874244603125 0.18485933906250002 0.81423004375 0.12962157968750002 0.7303219078125001 0.06423935625 0.782910175
5 0.13440579218749998 0.7246691734375 0.13317067031250002 0.7320954671875 0.1874828421875 0.8123236625000001 0.255025775 0.7559890453125 0.19644427656250002 0.6752360734375 0.13440579218749998 0.7246691734375
6 0.20076569531250002 0.66774336875 0.200456159375 0.6788496046875 0.2552832171875 0.7529002890625 0.3190196171875 0.697880865625 0.2613637078125 0.6208078359375 0.20076569531250002 0.66774336875
7 0.26614791875 0.6151551015625001 0.2625467375 0.6213990234375 0.322105915625 0.6978144546875 0.3839390484375 0.643452628125 0.322939396875 0.569534765625 0.26614791875 0.6151551015625001
8 0.4380058578125 0.5787749859375 0.383074615625 0.5207592609375 0.32628313593749997 0.5663796 0.3269512796875 0.573148296875 0.38702534375000003 0.64338621875 0.4455147390625 0.5921795578125 0.4380058578125 0.5787749859375
20 0.0969255640625 0.50163424375 0.0980565015625 0.5102429109375 0.146300265625 0.5745689671875 0.2057152484375 0.5270422484374999 0.1546426296875 0.45969384843750005 0.0969255640625 0.50163424375
21 0.1598896359375 0.4558810859375 0.156288453125 0.46212500624999997 0.20880154375 0.5269758375 0.2667760515625 0.48194668749999997 0.21426296093750002 0.41709585625 0.1598896359375 0.4558810859375
22 0.2171439078125 0.41210071875 0.215445990625 0.41768704218749997 0.2670334953125 0.47885793125 0.325470796875 0.43566875156249996 0.2715172328125 0.3733154890625 0.2171439078125 0.41210071875
46 0.6989247421875 0.27963844843749996 0.695786353125 0.2877223390625 0.75879345625 0.34494764375 0.8110581640625 0.3018912859375 0.7461477953125 0.245323578125 0.6989247421875 0.27963844843749996
47 0.7494915343749999 0.2421684125 0.7496968859375001 0.2470971390625 0.8117784015625 0.3006425015625 0.8611621640625 0.26258128125 0.7967145875 0.20785354531250003 0.7494915343749999 0.2421684125
48 0.9112661624999999 0.22327127500000002 0.8453781140625001 0.17104110625 0.7981550609375 0.20535597656250001 0.8618824015625 0.26133249687500004 0.9112661624999999 0.22327127500000002
49 0.372905240625 0.3322853125 0.37686503125000004 0.343916325 0.428041834375 0.39522976249999997 0.48030654375 0.35217340468749997 0.4234720328125 0.294815278125 0.372905240625 0.3322853125
50 0.532313809375 0.3122058015625 0.47547930000000005 0.2548476734375 0.42681577343750005 0.2916601109375 0.4810267796875 0.3509246203125 0.532313809375 0.3122058015625
51 0.4802635109375 0.24919494062499997 0.4766623296875 0.2554388609375 0.5325712515625 0.309117046875 0.5833954875 0.26855825625 0.5255832984375 0.21553766875 0.4802635109375 0.24919494062499997
37 0.60950216875 0.5615185859375 0.54279271875 0.4895735140625 0.4874417140625 0.5326962843749999 0.486206590625 0.540122578125 0.4923270921875 0.5480072375 0.5529160421875 0.61206765 0.60950216875 0.5615185859375
38 0.548039725 0.48576075156250004 0.546341809375 0.491347075 0.612125671875 0.5596122046875001 0.66917459375 0.5109031125 0.599584196875 0.443953178125 0.548039725 0.48576075156250004
39 0.6043684093749999 0.43830044375000005 0.6031332875000001 0.44572673749999997 0.6698948296875 0.509654328125 0.7236000109375 0.4641004015625 0.6563756749999999 0.398332840625 0.6043684093749999 0.43830044375000005