49 0.5695868484375 0.22349021093750002 0.5105190390625001 0.26270480625000003 0.5148765640625 0.27363935625 0.5735785734375 0.33139514531250003 0.5854763015625 0.330523425 0.6395528015624999 0.29151376406249996 0.6379245265625 0.2839161625 0.5695868484375 0.22349021093750002
50 0.6951974609375 0.255122275 0.6989675625 0.249219140625 0.6977463546875 0.243520940625 0.6298157468750001 0.184994390625 0.5851945578125 0.21173592812500003 0.5726630484374999 0.22374713124999998 0.63751745625 0.28201676249999996 0.6387386640625 0.2877149625 0.6448910609375 0.288228803125 0.6951974609375 0.255122275
51 0.7564672125 0.20738637187500003 0.7529238265625 0.20025062187499998 0.6862144265625 0.147422275 0.6450163875 0.17134070625 0.6305697671875 0.1838137625 0.7004756015625 0.24685788749999998 0.7043058203125 0.24593418125 0.7424276609375 0.22175882812499997 0.7564672125 0.20738637187500003
37 0.20457734843750003 0.503283728125 0.13373205 0.5533288984375 0.184320190625 0.63900986875 0.1928548859375 0.645940684375 0.197439125 0.6438363500000001 0.2671233359375 0.59307240625 0.236574303125 0.544507725 0.20457734843750003 0.503283728125
38 0.2604436328125 0.580700309375 0.268631375 0.5907111515625 0.27437670625 0.5893255921875 0.34214580625 0.5390235015625 0.27699080781249996 0.45585673125000004 0.2076535484375 0.503540646875 0.2604436328125 0.580700309375
39 0.34748915625 0.4088915875 0.287260259375 0.447387409375 0.2800670078125 0.45611365 0.3417387375 0.5371241 0.3478911359375 0.537637940625 0.41223708593749997 0.49015895625 0.4106088109375 0.48256135312500004 0.34748915625 0.4088915875
28 0.3501582875 0.40724910625 0.41374512656249995 0.4877977015625 0.41949045468749996 0.48641214218749995 0.48041325625000003 0.44175626562500003 0.47332648437499997 0.42748476718750006 0.41415728593749995 0.36285015 0.3501582875 0.40724910625
29 0.6368734890625001 0.54685015 0.56916450625 0.60213166875 0.6498207359375 0.6965418953125 0.65835543125 0.7034727125 0.6629396703125 0.7013683765625001 0.7305885359375 0.6411074296875 0.64732329375 0.5533191125 0.6368734890625001 0.54685015
30 0.707658671875 0.49182555156249996 0.641457728125 0.544745815625 0.7200786124999999 0.629659040625 0.73134255625 0.639926803125 0.7378419046875 0.637360615625 0.7990515375 0.584645284375 0.7900496578125 0.570835640625 0.707658671875 0.49182555156249996
31 0.864378225 0.5229467890625 0.7789110406249999 0.4436797796875 0.769275375 0.44100962031249996 0.7125898625 0.486641190625 0.7111419390625 0.493981871875 0.7978303312499999 0.57894708125 0.803982728125 0.579460921875 0.8579991124999999 0.5354718328125 0.864378225 0.5229467890625
10 0.30819095625 0.8128890249999999 0.2440166921875 0.71550274375 0.2295099546875 0.722996371875 0.164817053125 0.773555384375 0.21511835937499998 0.867295809375 0.22766362812500002 0.8882412015625001 0.2338160265625 0.888755040625 0.3129555484375 0.825722975 0.30819095625 0.8128890249999999
11 0.311734340625 0.8200247718749999 0.3156246796875 0.82408049375 0.32403913906250004 0.821052453125 0.3959252921875 0.7617672 0.3239703546875 0.656269478125 0.2466858234375 0.7138602640625 0.311734340625 0.8200247718749999
12 0.47587895312499995 0.7025339328125 0.47425067656250003 0.69493633125 0.454331803125 0.667778896875 0.40050086562500004 0.5998593171875 0.33766295468749996 0.6449770484374999 0.32704655312500003 0.656526396875 0.3923819046875 0.7546314515625 0.399001490625 0.76202411875 0.4035857296875 0.7599197859375 0.47587895312499995 0.7025339328125