5 0.659025853125 0.228643340625 0.696760340625 0.1461544640625 0.6380518656249999 0.11602971875000001 0.5976572765625 0.2038787453125 0.659025853125 0.228643340625
6 0.6993872890625 0.1451632453125 0.6603061734375 0.2325166625 0.7216747484375 0.2572812578125 0.735402025 0.2317716078125 0.75681544375 0.1714146703125 0.6993872890625 0.1451632453125
7 0.7616094109375 0.17251005625 0.7238417703125 0.2593678625 0.7834700984375 0.28333695937500003 0.796277521875 0.2639829609375 0.8185776390624999 0.2018393046875 0.7616094109375 0.17251005625
8 0.8571198640625 0.30056324375 0.8838534828125001 0.22948600312499998 0.8242583078125 0.2011479734375 0.8185444859375 0.2062082375 0.787377365625 0.28621906406250003 0.8487459421875 0.3109836578125 0.8571198640625 0.30056324375
8 0.44002778124999997 0.43761357656250005 0.47434808124999994 0.344795840625 0.413833053125 0.3226134609375 0.40191232968749996 0.34018074375 0.3751455578125 0.41562691718749994 0.378166125 0.42029573593749997 0.44002778124999997 0.43761357656250005
9 0.4505024171875 0.43801762968749997 0.5062566312500001 0.4547356921875 0.512857153125 0.4478887125 0.542317178125 0.36271345625 0.48180215000000004 0.340531075 0.472541528125 0.3527382078125 0.4440013546875 0.43175781406249997 0.4505024171875 0.43801762968749997
10 0.580793096875 0.47017525937500004 0.6093995765625 0.3824177890625 0.5462576 0.36122662656250004 0.511083753125 0.45146214687499997 0.52280555625 0.46010845468749995 0.575079275 0.475235521875 0.580793096875 0.47017525937500004
27 0.81280956875 0.5017046125 0.8279539984375001 0.40450533593750004 0.7608052937500001 0.39353886718750003 0.7443473921875 0.49123375312500006 0.81280956875 0.5017046125
32 0.8331747390625001 0.406891828125 0.82923431875 0.40837865625 0.8158301359375001 0.50637343125 0.8834387671874999 0.514262075 0.8951027015624999 0.41547180156249996 0.8331747390625001 0.406891828125
33 0.903837090625 0.415080359375 0.89723656875 0.4219273390625 0.8873791875 0.512775246875 0.9549878187499999 0.5206638906250001 0.965765053125 0.42366033437499995 0.903837090625 0.415080359375
39 0.144003128125 0.5565725140625 0.1043957796875 0.65574161875 0.16927800312500002 0.677728278125 0.174991825 0.6726680140625 0.2088853515625 0.5785591734375 0.144003128125 0.5565725140625
28 0.1840866796875 0.68230554375 0.2424678421875 0.6980323859374999 0.28033494375 0.598067784375 0.2790546234375 0.5941944609375 0.21545272031249998 0.576081125 0.205305396875 0.5900749734375 0.174105125 0.6744547328125 0.1840866796875 0.68230554375
29 0.30863038593750003 0.7238923671874999 0.3160844546875 0.7196276015625 0.349124434375 0.6229365453125 0.34262337187499997 0.6166767296875 0.2825019640625 0.6001543890625001 0.243781315625 0.6975367765625 0.251135925 0.7063788062499999 0.30863038593750003 0.7238923671874999
26 0.2469061609375 0.17068273125 0.26812487812499997 0.0784521625 0.20534336875 0.067289971875 0.1987428484375 0.0741369515625 0.179330684375 0.1584251546875 0.1871452203125 0.1641893609375 0.2469061609375 0.17068273125
49 0.2742323203125 0.07905193906249999 0.26763179843749996 0.08589891875 0.248219634375 0.170187121875 0.314054865625 0.1816491984375 0.3352735828125 0.0894186296875 0.2742323203125 0.07905193906249999
50 0.3846840625 0.19420666250000002 0.4041625328125 0.10118059531250001 0.3413810234375 0.09001840625 0.3347473484375 0.10123431875 0.3171085859375 0.1819490875 0.323182875 0.1869177953125 0.3846840625 0.19420666250000002
43 0 0.502406934375 0.023499303125000003 0.5003920640625 0.028562717187499996 0.4084487734375 0.021208107812499998 0.3996067421875 0 0.4005572125 0 0.502406934375
47 0.7617372062500001 0.6734503984375 0.7404606203124999 0.6582443859375 0.697381215625 0.63964805 0.650419259375 0.7299751234375 0.6525531265625 0.7364306609375 0.714315321875 0.766855296875 0.7617372062500001 0.6734503984375
48 0.8252064953125 0.7090394609375 0.8195921343749999 0.7009929296874999 0.762590753125 0.6760326125 0.7156287953125 0.7663596874999999 0.7282041453125 0.777588209375 0.7777846125 0.8024443609375 0.8252064953125 0.7090394609375