5 0.24609375 0.4658203125 0.2373046875 0.45703125 0.1767578125 0.408203125 0.1689453125 0.41015625 0.1484375 0.4306640625 0.123046875 0.4599609375 0.1962890625 0.5234375 0.24609375 0.4716796875 0.24609375 0.4658203125
6 0.30078125 0.4111328125 0.2275390625 0.357421875 0.1796875 0.4091796875 0.2529296875 0.46875 0.30078125 0.4189453125 0.30078125 0.4111328125
7 0.3134765625 0.408203125 0.3515625 0.3662109375 0.3505859375 0.357421875 0.2822265625 0.306640625 0.2763671875 0.306640625 0.255859375 0.3271484375 0.232421875 0.3525390625 0.232421875 0.3583984375 0.3017578125 0.412109375 0.3134765625 0.408203125
8 0.40234375 0.3115234375 0.3310546875 0.2578125 0.3232421875 0.2578125 0.287109375 0.2958984375 0.28125 0.3037109375 0.2841796875 0.30859375 0.3544921875 0.361328125 0.40234375 0.3115234375
8 0.33984375 0.8349609375 0.3828125 0.7724609375 0.3798828125 0.763671875 0.2958984375 0.69921875 0.28515625 0.7060546875 0.244140625 0.7607421875 0.2421875 0.7685546875 0.2490234375 0.775390625 0.3291015625 0.83984375 0.33984375 0.8349609375
9 0.4296875 0.6943359375 0.3447265625 0.62890625 0.3359375 0.6298828125 0.29296875 0.6884765625 0.291015625 0.6943359375 0.3017578125 0.705078125 0.3798828125 0.763671875 0.4296875 0.6943359375
10 0.478515625 0.6240234375 0.3916015625 0.560546875 0.3828125 0.5654296875 0.34375 0.6181640625 0.341796875 0.6259765625 0.3466796875 0.630859375 0.4306640625 0.69140625 0.478515625 0.6240234375
12 0.1611328125 0.193359375 0.1064453125 0.22265625 0.10546875 0.2333984375 0.1513671875 0.296875 0.20703125 0.2607421875 0.1611328125 0.193359375
1 0.265625 0.2255859375 0.265625 0.2197265625 0.2197265625 0.158203125 0.1669921875 0.1875 0.162109375 0.1923828125 0.1640625 0.1962890625 0.2099609375 0.259765625 0.265625 0.2255859375
2 0.32421875 0.1904296875 0.3203125 0.1787109375 0.2744140625 0.125 0.2255859375 0.150390625 0.220703125 0.1552734375 0.22265625 0.1611328125 0.2685546875 0.22265625 0.32421875 0.1904296875
27 0.580078125 0.3935546875 0.4951171875 0.357421875 0.4873046875 0.357421875 0.4765625 0.3720703125 0.455078125 0.4150390625 0.45703125 0.4189453125 0.5517578125 0.45703125 0.580078125 0.3935546875
32 0.51953125 0.2978515625 0.4921875 0.3544921875 0.5849609375 0.39453125 0.615234375 0.3349609375 0.51953125 0.2978515625
33 0.5498046875 0.23828125 0.5234375 0.2841796875 0.5224609375 0.296875 0.6142578125 0.330078125 0.640625 0.2724609375 0.5498046875 0.23828125
35 0.8173828125 0.15234375 0.7685546875 0.18359375 0.763671875 0.1943359375 0.8291015625 0.2578125 0.884765625 0.2177734375 0.8173828125 0.15234375
36 0.935546875 0.1806640625 0.9267578125 0.16796875 0.8779296875 0.125 0.8486328125 0.12890625 0.8232421875 0.146484375 0.818359375 0.1513671875 0.8857421875 0.21484375 0.8974609375 0.2109375 0.935546875 0.1806640625
47 0.83203125 0.5634765625 0.7470703125 0.490234375 0.732421875 0.4990234375 0.693359375 0.5400390625 0.693359375 0.5458984375 0.7822265625 0.62109375 0.83203125 0.5634765625
48 0.8759765625 0.501953125 0.7958984375 0.4375 0.75 0.4833984375 0.7490234375 0.4921875 0.8349609375 0.564453125 0.8828125 0.5126953125 0.8759765625 0.501953125