40 0.033203125 0.1455078125 0.0947265625 0.193359375 0.138671875 0.1513671875 0.1357421875 0.14453125 0.1025390625 0.125 0.0537109375 0.125 0.0419921875 0.134765625 0.033203125 0.1455078125
46 0.484375 0.8076171875 0.486328125 0.7978515625 0.4013671875 0.7265625 0.384765625 0.7412109375 0.34765625 0.7919921875 0.4248046875 0.861328125 0.4384765625 0.8671875 0.484375 0.8076171875
51 0.861328125 0.5830078125 0.8564453125 0.576171875 0.7646484375 0.525390625 0.7578125 0.5283203125 0.728515625 0.5791015625 0.724609375 0.5888671875 0.7294921875 0.59375 0.8251953125 0.6484375 0.861328125 0.5830078125
52 0.26953125 0.3720703125 0.2060546875 0.3125 0.1611328125 0.34765625 0.154296875 0.3583984375 0.2138671875 0.41796875 0.2255859375 0.4140625 0.26953125 0.3720703125
41 0.3203125 0.3251953125 0.2568359375 0.267578125 0.2080078125 0.306640625 0.20703125 0.3115234375 0.2685546875 0.369140625 0.2763671875 0.3671875 0.3203125 0.3251953125
42 0.369140625 0.2802734375 0.3056640625 0.22265625 0.2646484375 0.255859375 0.2578125 0.2666015625 0.3193359375 0.322265625 0.3291015625 0.318359375 0.369140625 0.2802734375
43 0.61328125 0.2880859375 0.5322265625 0.255859375 0.5244140625 0.255859375 0.515625 0.2685546875 0.498046875 0.3095703125 0.5869140625 0.345703125 0.611328125 0.2998046875 0.61328125 0.2880859375
30 0.4677734375 0.37109375 0.4609375 0.3779296875 0.435546875 0.4306640625 0.5283203125 0.470703125 0.556640625 0.4072265625 0.4677734375 0.37109375
29 0.8759765625 0.185546875 0.9140625 0.1474609375 0.9072265625 0.13671875 0.8876953125 0.125 0.8076171875 0.125 0.8037109375 0.134765625 0.8759765625 0.185546875
28 0.87109375 0.1865234375 0.8662109375 0.177734375 0.8017578125 0.1328125 0.7900390625 0.13671875 0.759765625 0.1650390625 0.7568359375 0.173828125 0.8271484375 0.224609375 0.8349609375 0.224609375 0.87109375 0.1865234375
39 0.830078125 0.2294921875 0.8291015625 0.224609375 0.7568359375 0.173828125 0.716796875 0.2080078125 0.7109375 0.2197265625 0.7822265625 0.2734375 0.7880859375 0.2734375 0.830078125 0.2294921875
33 0.587890625 0.6650390625 0.5029296875 0.59765625 0.4921875 0.6025390625 0.4609375 0.6455078125 0.453125 0.6591796875 0.5380859375 0.7265625 0.55078125 0.7197265625 0.587890625 0.6650390625
6 0.49609375 0.7958984375 0.5390625 0.7353515625 0.5341796875 0.724609375 0.4541015625 0.662109375 0.447265625 0.6650390625 0.4140625 0.7080078125 0.404296875 0.7216796875 0.40625 0.7294921875 0.4892578125 0.798828125 0.49609375 0.7958984375
4 0.0908203125 0.80078125 0.0009765625 0.8046875 0.0009765625 0.875 0.0751953125 0.875 0.087890625 0.8701171875 0.0908203125 0.80078125
3 0.564453125 0.3974609375 0.5859375 0.3525390625 0.5859375 0.3466796875 0.5771484375 0.341796875 0.5029296875 0.3125 0.4921875 0.3173828125 0.478515625 0.3427734375 0.466796875 0.3662109375 0.4697265625 0.37109375 0.5537109375 0.40625 0.564453125 0.3974609375
11 0.89453125 0.5205078125 0.8935546875 0.513671875 0.8017578125 0.462890625 0.79296875 0.4677734375 0.771484375 0.5048828125 0.7646484375 0.525390625 0.8583984375 0.578125 0.865234375 0.5771484375 0.89453125 0.5205078125
24 0.8984375 0.5126953125 0.92578125 0.4619140625 0.9228515625 0.451171875 0.8349609375 0.404296875 0.826171875 0.4072265625 0.8046875 0.4443359375 0.796875 0.4599609375 0.7998046875 0.462890625 0.8916015625 0.513671875 0.8984375 0.5126953125