13 0.10748255 0.7862130359374999 0.11123980781250001 0.794330621875 0.1651317140625 0.8210820796875 0.19539036875 0.7633328109375 0.13741958125 0.7353691062500001 0.10748255 0.7862130359374999
18 0.1452897859375 0.7143717171875 0.1462849078125 0.7226018515625 0.2016222078125 0.7479159656250001 0.2289900765625 0.6930413828125 0.1723360328125 0.666402471875 0.1452897859375 0.7143717171875
19 0.2652232734375 0.6253995406249999 0.2083119328125 0.6042849015625 0.18126568437499999 0.652254146875 0.18646833437500002 0.6589343890625 0.2310787125 0.6777933609375 0.24074618750000001 0.6773994421875 0.2652232734375 0.6253995406249999
20 0.2985656828125 0.5606323828125 0.240080303125 0.5437172218749999 0.2159248390625 0.588811784375 0.22244423281249998 0.59681681875 0.2740886 0.612632284375 0.29667002187499997 0.5717372000000001 0.2985656828125 0.5606323828125
21 0.2549201703125 0.52105739375 0.257360684375 0.527850184375 0.31321257812500003 0.5421157578125 0.337561015625 0.4928779921875 0.2761848484375 0.478837515625 0.2549201703125 0.52105739375
22 0.36091432968750004 0.4354100953125 0.30914131562499997 0.422356765625 0.28379775625 0.46336439843750005 0.28492152656249997 0.4688323953125 0.3406447734375 0.4858601046875 0.3661813046875 0.44070926874999994 0.36091432968750004 0.4354100953125
23 0.39387079375 0.3789293453125 0.336444859375 0.36886325000000003 0.3138634375 0.4097583328125 0.31774934374999997 0.41511378125 0.37241314375 0.42529242500000003 0.39197513281249996 0.3900341609375 0.39387079375 0.3789293453125
24 0.3427410234375 0.35206533906250004 0.34518153749999997 0.3588581296875 0.40141937812500006 0.36483729375 0.4214316375 0.31991155625 0.3624316609375 0.31404493906250003 0.3427410234375 0.35206533906250004
25 0.3713613109375 0.2998966140625 0.3793260984375 0.3064643078125 0.42872292187500005 0.311343778125 0.4500519265625 0.2677428328125 0.3938140859375 0.2617636671875 0.3713613109375 0.2998966140625
14 0.3998529515625 0.25049002656249997 0.40373885937500004 0.255845475 0.4586599546875 0.26049984843749996 0.478543565625 0.21833624375 0.42086033437500003 0.213794421875 0.3998529515625 0.25049002656249997
15 0.5026990296875 0.17324168281250002 0.44357040625 0.170137203125 0.425325159375 0.206720259375 0.42789432187500004 0.21075091562499998 0.44710062500000003 0.2127252125 0.4857062015625 0.2125306015625 0.5026990296875 0.17324168281250002
16 0.5254091015625 0.1295844640625 0.467597221875 0.127804778125 0.4494806234375 0.16162569843750002 0.45468327343750004 0.1683059421875 0.5056541390625 0.16898593125 0.5204940062500001 0.146326103125 0.5254091015625 0.1295844640625
17 0.475081478125 0.11509379374999999 0.47883873593750004 0.1232113796875 0.5312549953125 0.12245402812499999 0.5510099578125 0.08305256093749999 0.4945148203125 0.08259766874999999 0.475081478125 0.11509379374999999
40 0.17184408281250002 0.8249439140625 0.171651109375 0.8290871171875001 0.2334434796875 0.8637873375 0.2652761734375 0.801838590625 0.20203841093750002 0.7685757125 0.17184408281250002 0.8249439140625
45 0.20965131874999998 0.7531025921875 0.2134085765625 0.761220178125 0.2743987953125 0.7835470625000001 0.2992618265625 0.723260753125 0.23550947187500001 0.7010464187500001 0.20965131874999998 0.7531025921875
46 0.2448250671875 0.6786116859375 0.24726558281250002 0.6854044765625 0.3095725453125 0.7090561546874999 0.335623671875 0.652856775 0.2733167078125 0.6292050984374999 0.2448250671875 0.6786116859375
47 0.2825036546875 0.609532503125 0.28494416875 0.61632529375 0.34737978125 0.637214834375 0.3733022578125 0.5837775921875 0.309549903125 0.56156325625 0.2825036546875 0.609532503125
48 0.3157174171875 0.5475274812500001 0.3808508421875 0.569685540625 0.4051992765625 0.520447778125 0.399932303125 0.5151486015625 0.342763665625 0.4995582359375 0.3157174171875 0.5475274812500001
49 0.43985843124999996 0.45700541250000004 0.37716552187499996 0.44164014375000005 0.35301005937499996 0.4867347046875 0.35689596562500003 0.49209015312500004 0.41406460312500004 0.5076805203125 0.42890447187499997 0.48502069218750005 0.43985843124999996 0.45700541250000004
50 0.4637263421875 0.38848897187500003 0.4048550140625 0.37986021875 0.382273590625 0.42075530156249996 0.38471410625 0.4275480921875 0.444773528125 0.440263775 0.46767657187499995 0.3924633515625 0.4637263421875 0.38848897187500003
51 0.4098344328125 0.3617375140625 0.42332349062499997 0.3680801109375 0.47403705937499996 0.374284371875 0.49417796718749996 0.3265964984375 0.4325445046875 0.31808029375 0.4098344328125 0.3617375140625
52 0.5174026328125 0.2718907359375 0.4597194015625 0.26734891250000004 0.437137978125 0.30824399687500004 0.45470591562499996 0.3157988390625 0.501340603125 0.32079085625000003 0.5213528640625 0.2758651171875 0.5174026328125 0.2718907359375
41 0.532980325 0.2629853109375 0.5472110171875 0.22380894218749997 0.534974378125 0.22017220625 0.48532025624999997 0.220817009375 0.46562961875 0.25883740781250003 0.47359440468749997 0.26540510156249997 0.5271987578124999 0.2687346796875 0.532980325 0.2629853109375
42 0.4885969859375 0.2096559171875 0.49511638125 0.217660953125 0.55148286875 0.22087798281249998 0.5700497375 0.1773895859375 0.5081589765625 0.1743976546875 0.4885969859375 0.2096559171875
43 0.59433385 0.129532890625 0.5350765765625 0.12919054531250002 0.5140691937499999 0.1658861515625 0.5179551015625 0.1712415984375 0.5757669812499999 0.1730212859375 0.5923095390625 0.14339984374999998 0.59433385 0.129532890625
44 0.536907915625 0.1194667953125 0.5393484281250001 0.1262595859375 0.5971603078125 0.128039275 0.6169152718750001 0.08863780624999999 0.5535791203125 0.08708321718749999 0.536907915625 0.1194667953125
27 0.35292288906249997 0.843756009375 0.2828441109375 0.8093934328125 0.2525211328125 0.8685237703125 0.2535162546875 0.8767539046874999 0.31129406875 0.9088608125000001 0.3235950328125 0.9111164781250001 0.35292288906249997 0.843756009375
32 0.28939757187500004 0.7870712484375 0.293154828125 0.795188834375 0.3607287671875 0.8241396859375 0.3884825828125 0.76097869375 0.3168297640625 0.7308155968750001 0.28939757187500004 0.7870712484375
33 0.32469996874999996 0.70981820625 0.3271404828125 0.716610996875 0.3962884625 0.741362371875 0.422596884375 0.679638721875 0.3506867703125 0.6549998953125 0.32469996874999996 0.70981820625
34 0.45105826718750003 0.60128598125 0.3857318703125 0.5832711234375 0.3598737171875 0.6353272999999999 0.3732341265625 0.6444320328125 0.43027411562499995 0.662784534375 0.456325240625 0.60658515625 0.45105826718750003 0.60128598125
35 0.47913370312500003 0.5312196484375 0.41644079375 0.5158543796874999 0.3921566828125 0.563711075 0.394597196875 0.5705038671875 0.45979494374999996 0.5912808609375 0.485717421875 0.5378436171875001 0.47913370312500003 0.5312196484375
36 0.51392150625 0.46501515 0.445447028125 0.45539924843749996 0.4254990921875 0.49894391875000005 0.426494215625 0.5071740515625 0.4961567890625 0.5208768828125 0.5178717374999999 0.4689895296875 0.51392150625 0.46501515
37 0.540294253125 0.40191043125 0.477344046875 0.3920694328125 0.45463397499999997 0.43572665156249996 0.457074490625 0.4425194421875 0.5239749265625 0.45633482187499996 0.545561228125 0.4072096046875 0.540294253125 0.40191043125
38 0.48338291250000004 0.3807957921875 0.48858556406250003 0.3874760359375 0.5529811625 0.39587969218749997 0.5732507203125 0.3454296796875 0.5033308484375 0.3372511234375 0.48338291250000004 0.3807957921875
39 0.5122604984375 0.3231027984375 0.5161464062500001 0.328458246875 0.5805420046875 0.33686190312500003 0.6021283046875 0.2877366859375 0.5349705703125001 0.279445578125 0.5122604984375 0.3231027984375
28 0.6157498203125 0.232043775 0.556492546875 0.23170142968750002 0.536673259375 0.272483965625 0.5405591656250001 0.2778394140625 0.6065288062499999 0.2820435921875 0.625224321875 0.235793059375 0.6157498203125 0.232043775
29 0.56134331875 0.2163408609375 0.5623384390624999 0.22457099375 0.6297534703125 0.22733782812499997 0.6470035953125 0.1825246390625 0.5781431718750001 0.1811951453125 0.56134331875 0.2163408609375
30 0.67141635625 0.13190580624999998 0.60518941875 0.1332259015625 0.58549878125 0.1712462984375 0.5893846890625001 0.17660174687500002 0.6527208390625 0.1781563390625 0.6709660859375 0.14157328125 0.67141635625 0.13190580624999998
31 0.6099115421875 0.120627465625 0.6136688 0.1287450515625 0.675688209375 0.1289748484375 0.6955718203125001 0.0868112453125 0.62947353125 0.085369203125 0.6099115421875 0.120627465625
0 0.4468960234375 0.8978216671875 0.368916784375 0.8555103296875 0.33689111718750003 0.9216022796875001 0.3380148890625 0.927070278125 0.414548734375 0.9708189578124999 0.42492377656249997 0.955233290625 0.4468960234375 0.8978216671875
5 0.3769156375 0.831750803125 0.4063342671875 0.851228790625 0.45627594374999997 0.8740058671875 0.48573244843749996 0.8038832609375 0.40460512812499994 0.7699708796875 0.3769156375 0.831750803125
6 0.410901290625 0.7531729671875 0.46071431875 0.7787121796875 0.4919642875 0.7884664156250001 0.518401359375 0.72398063125 0.4371453890625 0.692830384375 0.410901290625 0.7531729671875
7 0.4434415515625 0.6760324718749999 0.447327459375 0.6813879218750001 0.523316453125 0.7072389921875 0.5483081328125 0.644190546875 0.4695570015625 0.6184520250000001 0.4434415515625 0.6760324718749999
8 0.5754527703125001 0.5645130140625 0.503285359375 0.5453984609375 0.47874395 0.5987794296875 0.4839466 0.605459671875 0.5573021078125 0.6286611546875001 0.5807197453125 0.5698121890625 0.5754527703125001 0.5645130140625
9 0.6023401125000001 0.490359753125 0.5326775390625 0.476656921875 0.5110269140625 0.52716320625 0.513467428125 0.5339559984375 0.5898423687500001 0.5515206609375001 0.611685965625 0.49687117187499996 0.6023401125000001 0.490359753125
10 0.61778915625 0.48421646406249996 0.623570725 0.4784670953125 0.6410781453125 0.428129634375 0.563129165625 0.41476444843750004 0.541607190625 0.46250859687499996 0.542730959375 0.46797659375 0.5549675984375 0.47161333125000005 0.61778915625 0.48421646406249996
11 0.6660055015624999 0.36646225781249997 0.5893732640625 0.3544218671875 0.5679799375 0.399403878125 0.575816075 0.40873370781249996 0.6428451609375 0.4197869515625 0.6486267296875 0.4140375828125 0.6660055015624999 0.36646225781249997
12 0.68829936875 0.30214529375 0.61693410625 0.29540407812499997 0.5956694265625 0.3376239546875 0.5979812921875001 0.34717888124999996 0.6692179078125 0.356682234375 0.6922496 0.3061196765625 0.68829936875 0.30214529375
1 0.6203394859375 0.28148085 0.62133460625 0.2897109828125 0.69546200625 0.2963396515625 0.7157315625 0.24588964062500002 0.641604165625 0.23926097343750002 0.6203394859375 0.28148085
2 0.64500954375 0.2253377453125 0.6487668015625 0.2334553296875 0.7202607125 0.2374344109375 0.737639484375 0.18985908437500001 0.6633834375000001 0.18599255312500002 0.64500954375 0.2253377453125
3 0.7607355015625 0.1379154578125 0.6877961984375001 0.13537371874999998 0.6681055609375 0.1733941171875 0.6677839390625 0.1802994578125 0.6731795625 0.1828364984375 0.7420399843750001 0.184165990625 0.7607355015625 0.1379154578125
4 0.6912015765625 0.1214504921875 0.6948301859375 0.1323302140625 0.7623738671875 0.1323349125 0.7823861265625001 0.0874091734375 0.7107635671875 0.0861922296875 0.6912015765625 0.1214504921875
26 0.6783972390625 0.4555563828125 0.6849166328125 0.46356142031249997 0.76694449375 0.47813885 0.7890453875000001 0.417965090625 0.6987311203125001 0.40372530468749995 0.6783972390625 0.4555563828125
26 0.75348569375 0.50074240625 0.663428721875 0.4809783484375 0.6402040578125 0.535684109375 0.641327828125 0.5411521078125 0.7284940140625 0.5637908484375 0.7342755828125 0.5580414796875 0.75348569375 0.50074240625