0 0.179695721875 0.556442646875 0.1729175140625 0.5493301953125 0.129557409375 0.5716686328125 0.13333666093750002 0.59167860625 0.152924475 0.6353136875 0.19990978125 0.6069274171875 0.179695721875 0.556442646875
5 0.440648359375 0.5316129140625 0.4364739328125 0.5438399640625 0.47236427656249996 0.57080386875 0.5191955328125 0.5163597890625 0.48240433281249995 0.4856358015625 0.440648359375 0.5316129140625
6 0.33300243281249997 0.77698290625 0.3250269875 0.790288140625 0.380977340625 0.8416790078125 0.4192069046875 0.7936904734375 0.361356040625 0.7428387 0.33300243281249997 0.77698290625
7 0.4107910796875 0.707734121875 0.3960926828125 0.7480439718749999 0.4650937671875 0.7776626328125 0.48731718281249997 0.7221675078125 0.42066703906249997 0.6938897921875 0.4107910796875 0.707734121875
8 0.5564890874999999 0.23573101406250002 0.5507875546875 0.2373482921875 0.5228843765625 0.2733725375 0.5172598703125 0.288018721875 0.55324900625 0.3069233703125 0.591028140625 0.257054796875 0.5564890874999999 0.23573101406250002
9 0.48968989062499996 0.70242029375 0.488415628125 0.7098090765625 0.52716259375 0.7741110359375 0.575147553125 0.741425590625 0.5335992171874999 0.6739026421875 0.48968989062499996 0.70242029375
10 0.6299542578125 0.6736762734374999 0.6400177499999999 0.7410949796875 0.6962092296875 0.7341910125 0.6860687125 0.653743403125 0.6313273140625 0.6582282359375 0.6299542578125 0.6736762734374999
11 0.71017086875 0.6187973421875 0.7145981375 0.6245688453125 0.7868727890625 0.6382003765625 0.792398503125 0.63161345 0.7981435718750001 0.5878198484375 0.7937163046875 0.5820483453125 0.723792590625 0.5697577625 0.7178164484375 0.57446465 0.71171974375 0.6083189531250001 0.71017086875 0.6187973421875
12 0.7580453171875 0.5178777671875 0.76337344375 0.5274093515625 0.8214218953125 0.5621426125 0.8510497656249999 0.520609625 0.7873985765625 0.4794343875 0.7580453171875 0.5178777671875
1 0.8066113203124999 0.3605433984375 0.8100389343750001 0.3706140765625 0.8578045375000001 0.375135303125 0.8663727453125001 0.3134745296875 0.8169812421874999 0.30640278906249996 0.8066113203124999 0.3605433984375
2 0.79406460625 0.24463777343749998 0.795141284375 0.253367503125 0.819178134375 0.2816859265625 0.8790165859375 0.2476459640625 0.8517279359375 0.21422651250000002 0.79406460625 0.24463777343749998
3 0.7581089578125 0.28093835 0.7655351828125 0.2738123296875 0.7758833375 0.24075987968749998 0.7119357671875 0.2237624109375 0.6970615515625 0.2591026140625 0.6960618984375 0.2634017875 0.7042901875 0.26809510468750003 0.7581089578125 0.28093835
4 0.79295444375 0.1807028171875 0.73923446875 0.159800315625 0.72048220625 0.1831897984375 0.716758209375 0.197296890625 0.772104084375 0.22074990625000002 0.7950307734375001 0.1851333734375 0.79295444375 0.1807028171875
27 0.330288140625 0.689409275 0.259068396875 0.7055956343750001 0.25679448125 0.7172835906249999 0.2621778640625 0.760932240625 0.3383740984375 0.7443381687499999 0.3356162671875 0.6989408593750001 0.330288140625 0.689409275
32 0.37212113750000003 0.6564610656250001 0.37690004374999997 0.6721718671875 0.42721417187500005 0.6619155296875 0.4226763921875 0.5879098968750001 0.3707363640625 0.5956157171875 0.37212113750000003 0.6564610656250001
33 0.5545902421875 0.4099450421875 0.48809414687499997 0.40772513593750004 0.48172283125000004 0.4446690484375 0.48207446562499995 0.45460834375000003 0.4875013859375 0.45608067343750003 0.550471071875 0.45628915625 0.5545902421875 0.4099450421875
34 0.6391252765625001 0.46627841718749996 0.591930665625 0.4344898125 0.5631266296875 0.46675397656250006 0.5623027953124999 0.47602279999999997 0.6151001453125 0.51425338125 0.6479798140625 0.47782142343749995 0.6391252765625001 0.46627841718749996
35 0.5843386749999999 0.3392646375 0.52329126875 0.3174289 0.5085158468750001 0.34470984531250004 0.504066809375 0.3600265046875 0.562763275 0.38052129375 0.5701895 0.3733952734375 0.5843386749999999 0.3392646375
36 0.5296876859374999 0.6067466984375 0.55033040625 0.68019966875 0.56335936875 0.679515625 0.6042697390625 0.6638954984375001 0.57937556875 0.589640671875 0.5296876859374999 0.6067466984375
37 0.7761378453125001 0.43243336718750003 0.8071170046875 0.3965405046875 0.8010638374999999 0.3882184859375 0.749617775 0.3556280265625 0.7222638203125 0.38547305781249996 0.7171885359375 0.39394002499999997 0.7199899046875 0.39716101406250004 0.7761378453125001 0.43243336718750003
38 0.887147746875 0.43407347031250004 0.817498646875 0.41869328125000005 0.8115225031250001 0.42340016875 0.8038769234375 0.46773286093750005 0.8716255125 0.48365214375 0.87922755625 0.481495771875 0.887147746875 0.43407347031250004
39 0.71845108125 0.31025785781250004 0.72277955625 0.32408861718750004 0.7440150390625 0.3491860515625 0.803403059375 0.31326604687500004 0.7756639812499999 0.2779665546875 0.71845108125 0.31025785781250004
28 0.45168640312499997 0.2684707375 0.4354391296875 0.31925897812500004 0.48102961093749996 0.3274089078125 0.49900157656250005 0.271111925 0.45721211562499997 0.2618838109375 0.45168640312499997 0.2684707375
29 0.6336849734375 0.2148377671875 0.6301367953125 0.2339145078125 0.673826765625 0.242603528125 0.6922491609375 0.1881865875 0.648559190625 0.17949756562500002 0.6336849734375 0.2148377671875
30 0.4274301953125 0.2773589875 0.40819401875 0.24366320468749997 0.3519807703125 0.27165533124999997 0.3709423375 0.30844072499999997 0.4274301953125 0.2773589875
31 0.5957836109375 0.12017882499999999 0.607220159375 0.1721494921875 0.6492072062500001 0.16525909375 0.652832409375 0.159211259375 0.63967116875 0.11274933281249999 0.5957836109375 0.12017882499999999
13 0.2176088015625 0.7273949765625 0.2644400609375 0.672950896875 0.2309994515625 0.6392686828125 0.2252979203125 0.6408859625 0.182091865625 0.6892822078124999 0.17791744062499998 0.7015092578125001 0.20855667968749997 0.7319704828125 0.2176088015625 0.7273949765625
18 0.26060388749999996 0.4451489234375 0.2604498375 0.41909111406250005 0.2537704234375 0.40391940625 0.1954038234375 0.414452075 0.18942768125 0.41915896249999995 0.19246012343750002 0.4614666640625 0.2337221296875 0.45578583124999994 0.26060388749999996 0.4451489234375
19 0.330890953125 0.5436721890625 0.334768996875 0.555622909375 0.40099048281250005 0.5609324203125 0.41081118281249995 0.5129710265625 0.341063290625 0.5056500921875 0.330890953125 0.5436721890625
20 0.17964046718749999 0.52232558125 0.1766415109375 0.5352231046875 0.219331828125 0.5482113015625 0.2492560796875 0.482500546875 0.2065657609375 0.46951235 0.17964046718749999 0.52232558125
21 0.2646142125 0.5042456109375 0.2600663828125 0.527621525 0.3090074546875 0.5328132265625001 0.3247272734375 0.467116040625 0.279587221875 0.460846153125 0.2646142125 0.5042456109375
22 0.5504359203125 0.227408996875 0.6067044218750001 0.23353393281249998 0.6131309953125 0.2307070875 0.621128209375 0.19631369062499998 0.6167009421875 0.19054218750000002 0.5585319281250001 0.18495634375 0.552907421875 0.1996025265625 0.5479091609375 0.22109839999999997 0.5504359203125 0.227408996875
23 0.6559000046875 0.430399121875 0.672773525 0.386460571875 0.608375525 0.36758306093750004 0.6038494640625001 0.3698708140625 0.5901507171875 0.405881490625 0.5896014953125001 0.41206070468749995 0.59547884375 0.415413075 0.6559000046875 0.430399121875
24 0.285156475 0.41208290468750003 0.2831571703125 0.420681253125 0.3262979171875 0.435549490625 0.3561233765625 0.377897990625 0.31298262656250003 0.3630297546875 0.285156475 0.41208290468750003
25 0.23392976718749997 0.3422857734375 0.2187809390625 0.38071558125 0.2818276515625 0.3939529703125 0.297251090625 0.352433553125 0.240356340625 0.3394589265625 0.23392976718749997 0.3422857734375
14 0.4842931265625 0.4088033234375 0.47060442968749994 0.3474324515625 0.4249921796875 0.3603706828125 0.43705497656250003 0.419191040625 0.4842931265625 0.4088033234375
15 0.404007875 0.1795968671875 0.3769720703125 0.16417596875 0.33911590937499997 0.2010156375 0.33639156406250004 0.210823553125 0.3662287390625 0.22946544218749998 0.4077101015625 0.1865779375 0.404007875 0.1795968671875
16 0.45012580937499996 0.20265574062499997 0.388782021875 0.204997771875 0.38250949843750004 0.23388242812499999 0.38241070625 0.2419416828125 0.39018856562500004 0.24475496093750002 0.44465535312500004 0.24335973437499997 0.45012580937499996 0.20265574062499997
17 0.44952133125 0.1747178921875 0.4510484375 0.1853276609375 0.51066753125 0.188494371875 0.5184889296875 0.14913132812500002 0.45814479375 0.1471741828125 0.44952133125 0.1747178921875
40 0.2843343046875 0.5950266625 0.299099678125 0.6651272625 0.35068807031250004 0.6474821453125 0.3351976578125 0.578591109375 0.32977073749999997 0.5771187796875 0.2843343046875 0.5950266625
45 0.2089836734375 0.58126375 0.20535847031249999 0.587311584375 0.23454762968749998 0.6201919453125 0.292232728125 0.5686925203125 0.260692628125 0.5344712140625 0.2089836734375 0.58126375
46 0.5094635750000001 0.653643475 0.498027025 0.6016728078125 0.42508258750000005 0.623367909375 0.4360687078125 0.6734585375 0.5094635750000001 0.653643475
47 0.4075811546875 0.4867818375 0.4039559515625 0.49282967031249997 0.4383962125 0.522212709375 0.4880288390625 0.47098961875 0.45358857812500003 0.44160657812500004 0.4075811546875 0.4867818375
48 0.4264539796875 0.4342449359375 0.4006154109375 0.39840635 0.3447538 0.436337775 0.34302910781249996 0.4418465171875 0.367966815625 0.47392502031249994 0.37746936875000003 0.47122955624999996 0.4264539796875 0.4342449359375
49 0.6721054046875 0.5954621390625 0.655692365625 0.5438991828125 0.604653196875 0.5553650859375 0.6205940375 0.6261361625 0.6264713859375 0.62948853125 0.673984146875 0.6160112062499999 0.6721054046875 0.5954621390625
50 0.7698100671875 0.4272009578125 0.7049616390625 0.40644340625000003 0.6940860296875 0.42458691093749995 0.6847375265625 0.453340184375 0.7557379156249999 0.474360496875 0.770161703125 0.4371402546875 0.7698100671875 0.4272009578125
51 0.707674265625 0.3203421046875 0.7032469984375 0.31457060000000003 0.648076940625 0.2960872328125 0.642375409375 0.2977045109375 0.6251502531249999 0.33170376562500004 0.6281274406249999 0.339894403125 0.6856484375 0.35971871875 0.707674265625 0.3203421046875
52 0.5875569859375 0.2891604421875 0.5843822140625 0.2970883171875 0.619371696875 0.320292140625 0.663753221875 0.27256636875 0.628313309375 0.247482503125 0.5875569859375 0.2891604421875
41 0.4179829 0.31417151875 0.41165512031249996 0.308939109375 0.35364015625 0.3294110734375 0.356870184375 0.3556002625 0.365900540625 0.37211291874999997 0.4265410546875 0.34989229375 0.4179829 0.31417151875
42 0.254604309375 0.2972690359375 0.25287961718749996 0.3027777765625 0.27501595624999997 0.3316352921875 0.330152528125 0.294913434375 0.30521481875 0.2628349296875 0.254604309375 0.2972690359375
43 0.5360774390625 0.20136475625 0.47826006093749995 0.205718209375 0.47228391875 0.21042509531250003 0.4744155015625 0.24897271718749997 0.5322328796875 0.2446192640625 0.5382090234375 0.23991237656250003 0.5360774390625 0.20136475625
44 0.572384725 0.17500347656249998 0.569451075 0.12463651875 0.561673215625 0.1218232421875 0.52656316875 0.1277668359375 0.5263438140625001 0.1649735078125 0.5275963078125 0.1786728859375 0.53347365625 0.18202525625 0.572384725 0.17500347656249998
26 0.5000698671875 0.5508981375 0.4992460328125 0.5601669609375 0.5284351921875 0.5930473187499999 0.58657071875 0.5434279375 0.55267968125 0.50786568125 0.5000698671875 0.5508981375
26 0.6626899296875 0.513804959375 0.6577904625000001 0.5272415765625 0.7065339484375001 0.5485517921875 0.7388091390625 0.48418198281249997 0.690065653125 0.4628717703125 0.6626899296875 0.513804959375