5 0.366937146875 0.4995356015625 0.38593127968749996 0.53217526875 0.4151233515625 0.5686619703125 0.46212283125000003 0.5294491453125 0.414889015625 0.46517753125 0.366937146875 0.4995356015625
7 0.7452674359375 0.3200795453125 0.7900251125 0.2935074703125 0.7901374546875 0.28605738281250004 0.7474702453125001 0.225006953125 0.695274121875 0.25176996093750004 0.6951617828125001 0.25922005000000004 0.7360218828125 0.3210872640625 0.7452674359375 0.3200795453125
9 0.19472914218749998 0.969534565625 0.20216758750000002 0.9693436328124999 0.24789232343749998 0.929649928125 0.24726228749999998 0.9204212937499999 0.2026902984375 0.849661353125 0.1970589609375 0.8490354984374999 0.151334225 0.8887292046875 0.154933771875 0.90507201875 0.19472914218749998 0.969534565625
10 0.30116784375 0.8823152015625 0.299053053125 0.8695294765625 0.2541587109375 0.8031434125000001 0.24565553593749997 0.8059296765624999 0.20460974687500003 0.8413944796875 0.215955421875 0.87114886875 0.2505541484375 0.9231615984375001 0.30116784375 0.8823152015625
11 0.255013428125 0.79747186875 0.25893532812500003 0.8094408062499999 0.3051044140625 0.8763077515625 0.35604046093749997 0.8310874765625 0.30435238125 0.7561445921875001 0.255013428125 0.79747186875
12 0.41080073749999996 0.7873098421875 0.3580479265625 0.7149622875 0.3097737046875 0.7536942343749999 0.31114611875 0.7647014125 0.35455570625 0.8275303875000001 0.3616717984375 0.8317133312499999 0.41080073749999996 0.7873098421875
1 0.3586926328125 0.706214534375 0.360065046875 0.7172217140625 0.41239783281250003 0.78341684375 0.46259150312499997 0.7364180250000001 0.40622447656249994 0.6657040421875 0.3586926328125 0.706214534375
39 0.16342265312499998 0.5291555234375 0.1613908640625 0.544872484375 0.2310816921875 0.5651684375 0.2557805078125 0.508552028125 0.1842825703125 0.48907285937499995 0.16342265312499998 0.5291555234375
28 0.25482811562499996 0.503697271875 0.271556121875 0.448569459375 0.2077066421875 0.4319755703125 0.197928725 0.43428095468750005 0.1931374375 0.44595994687499996 0.179715965625 0.485851675 0.2494067921875 0.5061476296875 0.25482811562499996 0.503697271875
29 0.2264517671875 0.3791071828125 0.206754253125 0.4271208125 0.20898138593749999 0.43245645 0.2789945671875 0.44837852656250005 0.2982720578125 0.3942124734375 0.2264517671875 0.3791071828125
30 0.3057105015625 0.394021540625 0.32318088437500003 0.3406722734375 0.250295865625 0.32816231406249996 0.23314783593750002 0.3771377046875 0.3057105015625 0.394021540625
31 0.3247779796875 0.3367792765625 0.3408612796875 0.2903992171875 0.330453325 0.283475971875 0.271912828125 0.27188181093749997 0.251795290625 0.31374301875 0.2518929609375 0.3242693171875 0.31935665625 0.3392296359375 0.3247779796875 0.3367792765625
34 0.735167165625 0.3267588078125 0.7360218828125 0.3210872640625 0.6951617828125001 0.25922005000000004 0.6804949062500001 0.2626781265625 0.641158553125 0.28679984375 0.6793568265625 0.35515538750000003 0.6940237046875 0.3516973109375 0.735167165625 0.3267588078125
47 0.6380767031250001 0.28713574999999997 0.6143742859375 0.29467775937499996 0.5833310953125 0.312937 0.6204646406250001 0.3838878765625 0.6762749765625 0.3554912953125 0.675644940625 0.3462626625 0.6380767031250001 0.28713574999999997
42 0.555824134375 0.164698984375 0.559746034375 0.176667921875 0.61220583125 0.21743657968750002 0.6533639609375 0.1745216890625 0.595062815625 0.13005096875 0.555824134375 0.164698984375
43 0.5989993859375 0.12404351875 0.5981446671875 0.1297150625 0.6564458125 0.1741857828125 0.694732103125 0.1346830125 0.6364309578125 0.09021228906249999 0.5989993859375 0.12404351875
44 0.7338731140625 0.0895086984375 0.6777991 0.0503736125 0.639302796875 0.08680017343749999 0.6402551859375001 0.0916549296875 0.6970715765625 0.1325685609375 0.7368426234375 0.0966228796875 0.7338731140625 0.0895086984375
18 0.5129465375 0.4916789578125 0.46571272343750003 0.4274073453125 0.41776085468749996 0.46176541406249993 0.46520468125000003 0.5291132390625 0.5129465375 0.4916789578125
22 0.8190704921874999 0.509758034375 0.7627034640625 0.43904405156250004 0.7085878953125 0.47407393593749997 0.763357825 0.5486809125 0.8190704921874999 0.509758034375
23 0.7673824109375 0.4348151484375 0.7672700703124999 0.4422652359375 0.8247018265625 0.5103838859375001 0.8760579 0.471316034375 0.8178837640625 0.4014188390625 0.7673824109375 0.4348151484375
24 0.931980578125 0.43546936562500005 0.8712569578125 0.3646104109375 0.82149798125 0.399785265625 0.879882128125 0.47275867343750005 0.931980578125 0.43546936562500005
26 0.46784218437499997 0.4222166828125 0.4725064609375 0.4359641640625 0.5152860109375 0.4895645078125 0.5648349765625 0.451313440625 0.5139869453125 0.3886753984375 0.46784218437499997 0.4222166828125