13 0.010646342187500001 0.6437766515625001 0.010792084375 0.6529765578125 0.0481458296875 0.6988914015625001 0.0977318796875 0.654854653125 0.057231503125000006 0.6062441921875 0.010646342187500001 0.6437766515625001
18 0.0724788609375 0.58905593125 0.0701267296875 0.5973259984375 0.10932958906250001 0.642404903125 0.15521740781249999 0.60004003125 0.115365790625 0.553195346875 0.0724788609375 0.58905593125
19 0.2140004546875 0.5487569640625 0.1717481234375 0.5071157109375 0.1288611953125 0.5429762953124999 0.13085605312499998 0.551340265625 0.16306830625 0.5861955187500001 0.1718108671875 0.5894499625 0.2140004546875 0.5487569640625
20 0.269085271875 0.49914577187500003 0.2237834671875 0.4609421703125 0.1845947703125 0.49513087968749997 0.1872383875 0.50526063125 0.2268956828125 0.5398387703124999 0.2630349078125 0.5090877125 0.269085271875 0.49914577187500003
21 0.2458756921875 0.44477765625 0.24537267499999998 0.4522117859375 0.289376959375 0.48688383125 0.33036619218749996 0.44879254687500003 0.2813661578125 0.41226081875 0.2458756921875 0.44477765625
22 0.37370755624999996 0.402431196875 0.33284990468750003 0.37045477187500003 0.29421280312500003 0.4002759875 0.2930610296875 0.4059443390625 0.33586495625 0.44321810156249997 0.3763025921875 0.40949430937500003 0.37370755624999996 0.402431196875
23 0.425191303125 0.36062515 0.378137546875 0.32939075624999997 0.3419983203125 0.360141815625 0.34334441875 0.366740009375 0.3879003015625 0.397044559375 0.419140940625 0.3705670890625 0.425191303125 0.36062515
24 0.3903354328125 0.3156401484375 0.3898324171875 0.323074278125 0.437437771875 0.3499411765625 0.4728796578125 0.3143577046875 0.42277642968749996 0.28656096249999996 0.3903354328125 0.3156401484375
25 0.436271834375 0.2763419125 0.440764565625 0.2856357234375 0.48272541249999995 0.3088771609375 0.5188160578125001 0.2750594671875 0.471210703125 0.2481925671875 0.436271834375 0.2763419125
14 0.4810078765625 0.23964538906250002 0.4823539765625 0.24624358281249997 0.529310571875 0.271344703125 0.5635521015625 0.23836294374999997 0.5140976312500001 0.21233198281250001 0.4810078765625 0.23964538906250002
15 0.6027408000000001 0.204174234375 0.551437215625 0.1789792078125 0.5208453359375 0.20722245625000002 0.521542675 0.212054871875 0.5378274375000001 0.221165478125 0.5721974999999999 0.23548411875 0.6027408000000001 0.204174234375
16 0.64008038125 0.17082145937499998 0.5894255562499999 0.1473922125 0.5600340328125 0.173033746875 0.5620288906249999 0.1813977171875 0.6070392078125 0.201201503125 0.62913143125 0.1850369890625 0.64008038125 0.17082145937499998
17 0.6010718453125 0.1380090984375 0.6012175875 0.14720900625 0.648077021875 0.16617685468750001 0.6811181953125 0.1357968125 0.6311121281250001 0.11413334374999999 0.6010718453125 0.1380090984375
40 0.052589981249999994 0.7051185765625 0.0507894453125 0.70902115 0.09203574375 0.7655306625 0.144671265625 0.718056265625 0.10157585312499999 0.6623826890625 0.052589981249999994 0.7051185765625
45 0.11442250000000001 0.650397859375 0.11456824218749999 0.6595977671875 0.15996720625 0.703934640625 0.2057578625 0.6554364968749999 0.15786102500000002 0.6101697796875001 0.11442250000000001 0.650397859375
46 0.17495750000000002 0.5921455828125 0.1744544828125 0.5995797140625 0.22050220625 0.645682365625 0.265741265625 0.6015517140625 0.21969354375 0.5554490624999999 0.17495750000000002 0.5921455828125
47 0.23558966250000002 0.54002658125 0.2350866453125 0.547460709375 0.282334725 0.5909616468750001 0.32637342812500003 0.5494327109375 0.278476590625 0.5041659953125001 0.23558966250000002 0.54002658125
48 0.2894741203125 0.49301710156249995 0.338619896875 0.5387487375 0.3796091296875 0.5006574546875 0.37701409375 0.49359434062499996 0.33236105 0.45715651875 0.2894741203125 0.49301710156249995
49 0.43534270468749997 0.452812040625 0.3856939109375 0.414514534375 0.3465052140625 0.44870324375 0.3478513125 0.4553014375 0.39250435625 0.4917392609375 0.4145965796875 0.475574746875 0.43534270468749997 0.452812040625
50 0.48348549375000005 0.396043828125 0.434582621875 0.3656453734375 0.39844339687499997 0.39639643125 0.39794037968749996 0.40383056249999993 0.44629165468750004 0.4385965109375 0.485431771875 0.4013411640625 0.48348549375000005 0.396043828125
51 0.44613175156249996 0.35012898593749997 0.45562023125 0.36128248281249997 0.4982298375 0.3862896984375 0.5348720796875 0.34810450937500004 0.4834713328125 0.31677621093749997 0.44613175156249996 0.35012898593749997
52 0.5770130890625 0.3043448734375 0.5275586171875 0.2783139125 0.4914193921875 0.309064971875 0.5040545062499999 0.3229140875 0.5435174796875 0.3452256828125 0.5789593640625 0.30964220937500003 0.5770130890625 0.3043448734375
41 0.594352465625 0.3016538578125 0.6223978906250001 0.26941413125 0.612957990625 0.26132727031249997 0.56859643125 0.243289265625 0.5361554359375 0.2723684484375 0.54064816875 0.2816622625 0.5869560046875 0.3049976046875 0.594352465625 0.3016538578125
42 0.5758957312499999 0.2338122453125 0.578539346875 0.24394199374999997 0.6273450578124999 0.26820717968749996 0.6609378296874999 0.2334596421875 0.6071363703125 0.207334775 0.5758957312499999 0.2338122453125
43 0.701326884375 0.196669215625 0.6488229421875 0.1740759046875 0.6157331875 0.2013893125 0.6170792859375 0.20798750625 0.6677341125 0.2314167515625 0.6940761656250001 0.20921287031250002 0.701326884375 0.196669215625
44 0.6542731265625 0.165434821875 0.6537701109375 0.172868953125 0.7044249359375 0.19629819843750002 0.737466109375 0.16591815625 0.6818155359375 0.14062922656250001 0.6542731265625 0.165434821875
27 0.20604630156249998 0.7912044203125 0.1573063796875 0.73190538125 0.10712015 0.7772429859375001 0.10476801875 0.7855130515625001 0.1434678609375 0.8380260875 0.1535079390625 0.8448120906250001 0.20604630156249998 0.7912044203125
32 0.17190497968750001 0.71295134375 0.17205072187499998 0.72215125 0.22069348125000002 0.7753170171875 0.27018237031250003 0.7251469984375001 0.21839297656249998 0.6692856109374999 0.17190497968750001 0.71295134375
33 0.23364033750000002 0.6520973515625 0.2331373203125 0.6595314812499999 0.2848295515625 0.7092595953124999 0.33246932500000004 0.6599255140625 0.2782792203125 0.609267559375 0.23364033750000002 0.6520973515625
34 0.3885601734375 0.5954460625 0.3376138640625 0.553616996875 0.29417533749999997 0.5938450765625001 0.3024634609375 0.6076002890625001 0.34591615 0.6466398265625 0.3911552109375 0.602509175 0.3885601734375 0.5954460625
35 0.4410499546875 0.5387717546874999 0.3914011625 0.5004742484375 0.35101210625 0.5372646750000001 0.3505090890625 0.5446988046875 0.4002550453125 0.5891295828125 0.44429375000000004 0.547600646875 0.4410499546875 0.5387717546874999
36 0.4979838859375 0.488324625 0.44093863125 0.453370865625 0.40609692343750003 0.48765348125 0.40374479062499996 0.49592354843750003 0.46023844843750006 0.5352448015625 0.4999301625 0.493621959375 0.4979838859375 0.488324625
37 0.5462238375 0.4376896859375 0.49417433125 0.404595609375 0.45683474999999996 0.43794838281250004 0.45633173281249995 0.44538251406249996 0.510327515625 0.48377392500000005 0.5488188734375 0.4447528 0.5462238375 0.4376896859375
38 0.50397150625 0.3960484328125 0.5059663640625 0.404412403125 0.5598649859375 0.4366705421875 0.5977075843749999 0.3958836375 0.5388132140625 0.3617658171875 0.50397150625 0.3960484328125
39 0.5523086187499999 0.351546765625 0.5536547171875 0.3581449578125 0.6075533390625 0.39040309687499997 0.646044696875 0.35138197031249996 0.5896482015625 0.318193990625 0.5523086187499999 0.351546765625
28 0.6800433234375001 0.30306703281249997 0.62753938125 0.280473721875 0.59389803125 0.3121546234375 0.5952441281249999 0.318752815625 0.652192221875 0.347573303125 0.6869853484374999 0.3102240515625 0.6800433234375001 0.30306703281249997
29 0.637888153125 0.26755905156250004 0.6355360203125 0.27582911875 0.6943332296875 0.30381366875000004 0.727277240625 0.2673003515625 0.6666309171875 0.2401517390625 0.637888153125 0.26755905156250004
30 0.768866653125 0.2279082109375 0.7095178468750001 0.20429115625 0.6770768515625 0.23337033906250002 0.6784229500000001 0.2399685328125 0.734073525 0.2652574640625 0.7646654046875 0.2370142140625 0.768866653125 0.2279082109375
31 0.7186662625 0.1939781984375 0.718812003125 0.20317810781249998 0.77381381875 0.2267012578125 0.8080553500000001 0.1937195 0.7499069 0.167500728125 0.7186662625 0.1939781984375
0 0.2682644171875 0.8783848953125 0.2156319421875 0.8084911874999999 0.16119588437500001 0.8598681593749999 0.16004411093749998 0.8655365093749999 0.21082746874999997 0.93626615625 0.22617198906249997 0.9252111671875 0.2682644171875 0.8783848953125
5 0.2320796578125 0.7887012125 0.2505536015625 0.818442334375 0.2859610703125 0.8590598406250001 0.33969978749999996 0.8028504546875 0.28096836875000003 0.7398320515625 0.2320796578125 0.7887012125
6 0.29316625625000003 0.7260814421874999 0.3273733671875 0.7693006640625 0.351297496875 0.7904007046875 0.40013762656249996 0.7384649078125001 0.3402058515625 0.67804821875 0.29316625625000003 0.7260814421874999
7 0.3524037390625 0.6642976109375 0.3537498375 0.6708958046875 0.41108657656250003 0.7242493796875 0.45807759062500003 0.6731495187500001 0.398242978125 0.6188661015625 0.3524037390625 0.6642976109375
8 0.51351968125 0.6069042890625 0.45692886406250005 0.5614497640625 0.4141390953125 0.60344361875 0.416133953125 0.611807590625 0.4721731734375 0.661629609375 0.5161147171875 0.6139674015625001 0.51351968125 0.6069042890625
9 0.5665610578125 0.5458624875 0.5100674015625 0.506541234375 0.470975865625 0.5468632171875 0.4704728484375 0.5542973484375 0.5314106578125 0.599845778125 0.572302728125 0.555621221875 0.5665610578125 0.5458624875
10 0.58270008125 0.5457731859375 0.5900965421875 0.5424294390625 0.6254412671875 0.5007126921875 0.5614539875 0.45860191562499997 0.52356280625 0.49632218281249996 0.52241103125 0.5019905359375 0.5318509312499999 0.5100773953125 0.58270008125 0.5457731859375
11 0.6718321031250001 0.45091369062500003 0.6084935812500001 0.4105686921875 0.5718027593749999 0.44568724375 0.5750951343749999 0.45758277343750003 0.6302912734375 0.49337246874999996 0.637687734375 0.490028721875 0.6718321031250001 0.45091369062500003
12 0.716925421875 0.39758313125 0.6561819359375 0.364301246875 0.6206914703125 0.3968180828125 0.618988096875 0.406853928125 0.678531225 0.442737528125 0.7188716984375 0.40288046718750004 0.716925421875 0.39758313125
1 0.66468159375 0.3522225109375 0.6623294609375 0.360492578125 0.725570821875 0.3947043046875 0.7634134203125 0.3539174015625 0.7001720609375 0.3197056734375 0.66468159375 0.3522225109375
2 0.708671715625 0.3076269390625 0.7088174578124999 0.3168268484375 0.7707613 0.34750701875 0.80490566875 0.30839198749999996 0.740463953125 0.276781975 0.708671715625 0.3076269390625
3 0.8458463203125 0.2672340671875 0.7820533640625 0.2373898328125 0.74961236875 0.26646901875 0.7466114765625 0.2729733078125 0.7504068703125 0.2774347046875 0.81105319375 0.30458331875 0.8458463203125 0.2672340671875
4 0.7905530187500001 0.22531109843750002 0.7894984046875 0.237112721875 0.8494959718749999 0.2624955578125 0.88493785625 0.22691208281250003 0.8217936578125 0.1988336296875 0.7905530187500001 0.22531109843750002
26 0.647807765625 0.5410484859375 0.65045138125 0.551178234375 0.7175852953125 0.5959846328125 0.760878078125 0.5465566468749999 0.6862505421875 0.4989607234375 0.647807765625 0.5410484859375
26 0.6967420093750001 0.6126140671875 0.6245151859375 0.559814715625 0.5823741765625 0.6035743499999999 0.5812224015624999 0.6092427015624999 0.6497509953125 0.663713928125 0.6571474562499999 0.6603701796875 0.6967420093750001 0.6126140671875