27 0.4091796875 0.517578125 0.35546875 0.5498046875 0.4140625 0.6572265625 0.423828125 0.6572265625 0.494140625 0.6142578125 0.494140625 0.6064453125 0.4326171875 0.5078125 0.4091796875 0.517578125
32 0.1875 0.5029296875 0.1923828125 0.509765625 0.19921875 0.5107421875 0.275390625 0.4716796875 0.2216796875 0.373046875 0.14453125 0.4091796875 0.1875 0.5029296875
33 0.224609375 0.3701171875 0.224609375 0.3759765625 0.271484375 0.4619140625 0.2763671875 0.46875 0.28125 0.4677734375 0.353515625 0.4326171875 0.3515625 0.4228515625 0.2998046875 0.3359375 0.224609375 0.3701171875
35 0.37890625 0.3017578125 0.37890625 0.3076171875 0.4296875 0.3916015625 0.4375 0.3935546875 0.501953125 0.3623046875 0.501953125 0.3544921875 0.4462890625 0.271484375 0.37890625 0.3017578125
40 0.2666015625 0.595703125 0.18359375 0.6416015625 0.234375 0.7529296875 0.2412109375 0.76171875 0.24609375 0.7607421875 0.328125 0.7119140625 0.328125 0.7060546875 0.283203125 0.6201171875 0.2666015625 0.595703125
48 0.7177734375 0.5703125 0.6552734375 0.603515625 0.646484375 0.6142578125 0.70703125 0.7138671875 0.7158203125 0.7265625 0.720703125 0.7255859375 0.7822265625 0.689453125 0.791015625 0.6806640625 0.7421875 0.6025390625 0.7177734375 0.5703125
0 0.43359375 0.5068359375 0.4921875 0.6044921875 0.4970703125 0.611328125 0.5 0.6103515625 0.572265625 0.5654296875 0.5068359375 0.466796875 0.4833984375 0.4765625 0.43359375 0.5068359375
8 0.7919921875 0.53125 0.7861328125 0.53125 0.7255859375 0.564453125 0.720703125 0.5712890625 0.7890625 0.6767578125 0.796875 0.6787109375 0.8603515625 0.640625 0.86328125 0.6357421875 0.798828125 0.5380859375 0.7919921875 0.53125
1 0.55078125 0.3115234375 0.5546875 0.3271484375 0.6015625 0.3974609375 0.611328125 0.4033203125 0.6708984375 0.373046875 0.677734375 0.3662109375 0.6162109375 0.279296875 0.55078125 0.3115234375
2 0.619140625 0.2802734375 0.669921875 0.3544921875 0.6806640625 0.3671875 0.68359375 0.3662109375 0.7412109375 0.337890625 0.7421875 0.3291015625 0.6806640625 0.25 0.619140625 0.2802734375
3 0.7451171875 0.22265625 0.7392578125 0.22265625 0.6884765625 0.24609375 0.685546875 0.2529296875 0.744140625 0.3330078125 0.75 0.3330078125 0.7978515625 0.310546875 0.806640625 0.3017578125 0.751953125 0.2294921875 0.7451171875 0.22265625
4 0.8037109375 0.1953125 0.748046875 0.2236328125 0.806640625 0.3017578125 0.814453125 0.3037109375 0.8642578125 0.279296875 0.869140625 0.2724609375 0.81640625 0.2060546875 0.8037109375 0.1953125
13 0.271484375 0.5947265625 0.326171875 0.7041015625 0.3310546875 0.708984375 0.3359375 0.7080078125 0.4140625 0.6591796875 0.3525390625 0.55078125 0.3037109375 0.57421875 0.271484375 0.5947265625
21 0.568359375 0.6611328125 0.59375 0.7080078125 0.630859375 0.7724609375 0.638671875 0.7763671875 0.71484375 0.7294921875 0.6455078125 0.61328125 0.568359375 0.6533203125 0.568359375 0.6611328125
26 0.302734375 0.3349609375 0.3515625 0.4248046875 0.3564453125 0.431640625 0.359375 0.4306640625 0.4296875 0.3955078125 0.42578125 0.3837890625 0.3740234375 0.302734375 0.302734375 0.3349609375