49 0.681640625 0.2724609375 0.6796875 0.3935546875 0.6826171875 0.396484375 0.771484375 0.3974609375 0.775390625 0.3447265625 0.7734375 0.2705078125 0.6845703125 0.267578125 0.681640625 0.2724609375
50 0.775390625 0.2724609375 0.7734375 0.3955078125 0.7763671875 0.3984375 0.8115234375 0.400390625 0.86328125 0.3994140625 0.865234375 0.2763671875 0.8623046875 0.2734375 0.7783203125 0.26953125 0.775390625 0.2724609375
51 0.8681640625 0.271484375 0.865234375 0.2744140625 0.865234375 0.3974609375 0.8701171875 0.400390625 0.951171875 0.4013671875 0.955078125 0.3955078125 0.955078125 0.2763671875 0.9501953125 0.2734375 0.8681640625 0.271484375
37 0.1435546875 0.42578125 0.232421875 0.4248046875 0.234375 0.2978515625 0.1435546875 0.296875 0.140625 0.4228515625 0.1435546875 0.42578125
38 0.236328125 0.2998046875 0.234375 0.3486328125 0.234375 0.4267578125 0.32421875 0.4287109375 0.328125 0.4267578125 0.328125 0.2998046875 0.2392578125 0.296875 0.236328125 0.2998046875
39 0.3310546875 0.30078125 0.328125 0.4287109375 0.41796875 0.4306640625 0.421875 0.4267578125 0.421875 0.3037109375 0.4189453125 0.30078125 0.3310546875 0.30078125
28 0.421875 0.4287109375 0.4248046875 0.431640625 0.51171875 0.4306640625 0.513671875 0.3037109375 0.4267578125 0.30078125 0.421875 0.3056640625 0.421875 0.4287109375
29 0.4677734375 0.63671875 0.46484375 0.6396484375 0.46484375 0.7724609375 0.5546875 0.7724609375 0.55859375 0.7705078125 0.556640625 0.6396484375 0.5537109375 0.63671875 0.4677734375 0.63671875
30 0.5615234375 0.63671875 0.55859375 0.6396484375 0.55859375 0.7705078125 0.5615234375 0.7734375 0.6484375 0.7724609375 0.65234375 0.7705078125 0.65234375 0.6416015625 0.6240234375 0.63671875 0.5615234375 0.63671875
31 0.6533203125 0.63671875 0.65234375 0.7685546875 0.6552734375 0.771484375 0.740234375 0.7705078125 0.74609375 0.7646484375 0.744140625 0.6396484375 0.7412109375 0.63671875 0.6533203125 0.63671875
10 0.048828125 0.6533203125 0.0537109375 0.65625 0.142578125 0.6552734375 0.146484375 0.5263671875 0.1435546875 0.5234375 0.0537109375 0.5234375 0.048828125 0.6533203125
11 0.14453125 0.6552734375 0.234375 0.6572265625 0.240234375 0.5283203125 0.2373046875 0.525390625 0.1494140625 0.525390625 0.14453125 0.6552734375
12 0.2431640625 0.52734375 0.23828125 0.6572265625 0.2451171875 0.66015625 0.330078125 0.6591796875 0.333984375 0.6552734375 0.3359375 0.5302734375 0.3330078125 0.52734375 0.2431640625 0.52734375