34 0.3232421875 0.650390625 0.2470703125 0.681640625 0.244140625 0.6923828125 0.2841796875 0.80078125 0.3671875 0.7626953125 0.3232421875 0.650390625
35 0.44921875 0.7255859375 0.4033203125 0.615234375 0.3291015625 0.646484375 0.328125 0.6611328125 0.3681640625 0.76171875 0.3759765625 0.76171875 0.44921875 0.7255859375
36 0.4775390625 0.578125 0.4072265625 0.609375 0.404296875 0.6162109375 0.4521484375 0.72265625 0.52734375 0.6865234375 0.4775390625 0.578125
31 0.1875 0.6103515625 0.1513671875 0.509765625 0.0791015625 0.5390625 0.076171875 0.5458984375 0.1064453125 0.642578125 0.1220703125 0.640625 0.1875 0.6103515625
4 0.2275390625 0.478515625 0.1572265625 0.5078125 0.154296875 0.5126953125 0.1904296875 0.609375 0.265625 0.5771484375 0.2275390625 0.478515625
44 0.34375 0.5419921875 0.3037109375 0.447265625 0.2333984375 0.474609375 0.23046875 0.4794921875 0.23828125 0.5029296875 0.2685546875 0.57421875 0.34375 0.5419921875
49 0.6201171875 0.375 0.5595703125 0.3984375 0.5546875 0.4091796875 0.6025390625 0.4921875 0.671875 0.4599609375 0.6201171875 0.375
22 0.73828125 0.4267578125 0.6865234375 0.34765625 0.6259765625 0.37109375 0.623046875 0.3779296875 0.6728515625 0.4609375 0.73828125 0.4326171875 0.73828125 0.4267578125
26 0.7509765625 0.3203125 0.6904296875 0.34375 0.6875 0.3486328125 0.7412109375 0.4296875 0.8046875 0.4033203125 0.7509765625 0.3203125
25 0.6982421875 0.541015625 0.6318359375 0.5703125 0.62890625 0.5810546875 0.6865234375 0.6796875 0.759765625 0.6416015625 0.6982421875 0.541015625
14 0.7685546875 0.5078125 0.7041015625 0.537109375 0.703125 0.5478515625 0.7607421875 0.640625 0.830078125 0.6064453125 0.7685546875 0.5078125
15 0.8349609375 0.4765625 0.7705078125 0.505859375 0.76953125 0.5107421875 0.8310546875 0.603515625 0.8984375 0.5693359375 0.8349609375 0.4765625
16 0.9609375 0.5283203125 0.8955078125 0.443359375 0.8388671875 0.470703125 0.833984375 0.4755859375 0.8994140625 0.568359375 0.962890625 0.5361328125 0.9609375 0.5283203125
12 0.494140625 0.3505859375 0.4521484375 0.271484375 0.3876953125 0.294921875 0.388671875 0.3056640625 0.4287109375 0.37890625 0.4814453125 0.359375 0.494140625 0.3505859375
1 0.5546875 0.3115234375 0.5146484375 0.24609375 0.4560546875 0.267578125 0.453125 0.2744140625 0.4951171875 0.3515625 0.55859375 0.3251953125 0.5546875 0.3115234375
2 0.5771484375 0.22265625 0.5224609375 0.2421875 0.517578125 0.2509765625 0.5615234375 0.32421875 0.623046875 0.2978515625 0.5771484375 0.22265625
3 0.681640625 0.2587890625 0.6357421875 0.197265625 0.5810546875 0.21875 0.578125 0.2236328125 0.6259765625 0.296875 0.685546875 0.2705078125 0.681640625 0.2587890625