18 0.381339740625 0.747386846875 0.380906590625 0.75150504375 0.4639234046875 0.8607021984375001 0.47079196406249996 0.861463996875 0.5435161125 0.804258840625 0.5453229734375 0.8002930015624999 0.4598475015625 0.6880456640625 0.381339740625 0.747386846875
19 0.623975115625 0.7395790875 0.6061127171875 0.7112117859375 0.5400177375 0.6261113765624999 0.5358966046875 0.6256542984375 0.50582348125 0.6473162875 0.46179874375 0.6827070953125001 0.46230615625000004 0.6910958484374999 0.5440936437499999 0.7987679109375 0.548214778125 0.7992249890625 0.5858783734374999 0.7714611359375 0.623975115625 0.7395790875
20 0.6242638828125 0.7368336249999999 0.6690848 0.7070861046875 0.7041453546875001 0.6776448 0.6174405546874999 0.5638723703124999 0.5404508875 0.6219931796875 0.5412470671875 0.62763646875 0.6242638828125 0.7368336249999999
23 0.1416331015625 0.529153878125 0.1359938734375 0.5299171734375 0.0643546703125 0.590020153125 0.063921521875 0.5941383484375 0.1475158671875 0.6978445765625 0.15163700156249998 0.6983016546874999 0.2246499171875 0.6383510343750001 0.2252274484375 0.6328601046875 0.1416331015625 0.529153878125
24 0.1435843453125 0.523815309375 0.1431511953125 0.52793350625 0.2264567765625 0.6343851968750001 0.2305779109375 0.6348422765625 0.30510892031250003 0.5736712828125 0.22057401250000003 0.46569449843750005 0.21493478281249997 0.46645779374999996 0.1435843453125 0.523815309375
25 0.21977783281250002 0.4600512109375 0.3069157796875 0.5697054453125 0.37797745312500003 0.5150933921874999 0.3831092671875 0.505941346875 0.29828559375 0.40071002968749997 0.2941644578125 0.40025294999999994 0.21977783281250002 0.4600512109375
17 0.6527811796874999 0.016459965625 0.5829488375 0.072597109375 0.6676281296875 0.179201159375 0.6717492625 0.1796582375 0.7414372250000001 0.1248938265625 0.74353285 0.118182525 0.658420409375 0.015696671875000002 0.6527811796874999 0.016459965625
28 0.730076603125 0.5235925859375 0.7399813484375 0.5219136375 0.8099580765625 0.46440376250000004 0.7241938375 0.35490188906250003 0.6456860765625 0.4142430703125 0.645252928125 0.41836126875 0.730076603125 0.5235925859375
29 0.7246269859375001 0.3507836921875 0.7241938375 0.35490188906250003 0.8090175140625 0.46013320625 0.8131386468749999 0.460590284375 0.8846334671875 0.4018600375 0.8000985578125 0.2938832546875 0.79445933125 0.29464655 0.7246269859375001 0.3507836921875
30 0.9632856109375 0.3411461234375 0.8787507031249999 0.233169340625 0.8017610359375 0.29129014999999997 0.8861515609374999 0.400639665625 0.8993812640625001 0.39377450625 0.9632856109375 0.3411461234375
31 0.35082477500000003 0.257941396875 0.4371665421875 0.3619523421875 0.5115531703125 0.30215408125 0.42701825937500004 0.1941772984375 0.4228971265625 0.1937202203125 0.35002859375 0.25229810937499997 0.35082477500000003 0.257941396875
44 0.58926475 0.23716961093750002 0.506899734375 0.134988475 0.477259759375 0.1525322671875 0.4301988328125 0.19036382031250002 0.42976568437499996 0.1944820171875 0.4589808046875 0.23382967968749999 0.5118419359375 0.2994086171875 0.5232647765625 0.296509296875 0.58868721875 0.24266053906249999 0.58926475 0.23716961093750002
4 0.5917234078125 0.2402197921875 0.59888073125 0.2382361265625 0.6673393625 0.181946625 0.5825156890625001 0.0767153046875 0.575358365625 0.0786989734375 0.5070441156250001 0.13361574375000002 0.5917234078125 0.2402197921875