13 0.2578125 0.3232421875 0.2509765625 0.314453125 0.1572265625 0.30859375 0.15234375 0.3349609375 0.150390625 0.3740234375 0.1552734375 0.37890625 0.25390625 0.3818359375 0.2578125 0.3232421875
18 0.2529296875 0.384765625 0.1552734375 0.37890625 0.15234375 0.3916015625 0.1513671875 0.447265625 0.251953125 0.4521484375 0.255859375 0.4130859375 0.2529296875 0.384765625
19 0.248046875 0.5205078125 0.25390625 0.4599609375 0.2509765625 0.453125 0.1630859375 0.447265625 0.1513671875 0.447265625 0.1484375 0.4521484375 0.14453125 0.5029296875 0.1474609375 0.517578125 0.2314453125 0.5234375 0.248046875 0.5205078125
20 0.5830078125 0.17578125 0.5087890625 0.212890625 0.50390625 0.2197265625 0.5361328125 0.2734375 0.61328125 0.2314453125 0.5830078125 0.17578125
17 0.4794921875 0.748046875 0.3916015625 0.787109375 0.392578125 0.7978515625 0.4169921875 0.8515625 0.505859375 0.8095703125 0.4794921875 0.748046875
27 0.701171875 0.5166015625 0.6123046875 0.501953125 0.603515625 0.5380859375 0.6044921875 0.56640625 0.6904296875 0.580078125 0.6953125 0.5712890625 0.701171875 0.5166015625
32 0.6884765625 0.580078125 0.5986328125 0.56640625 0.59375 0.5869140625 0.58984375 0.6142578125 0.5927734375 0.6328125 0.6796875 0.6455078125 0.6884765625 0.580078125
33 0.5888671875 0.6328125 0.580078125 0.6708984375 0.5791015625 0.69921875 0.6669921875 0.71484375 0.6796875 0.6494140625 0.5888671875 0.6328125
46 0.82421875 0.6474609375 0.8193359375 0.583984375 0.7333984375 0.587890625 0.732421875 0.6279296875 0.734375 0.6494140625 0.7392578125 0.654296875 0.82421875 0.6474609375
47 0.8212890625 0.6484375 0.7353515625 0.654296875 0.736328125 0.7119140625 0.7412109375 0.720703125 0.826171875 0.7119140625 0.8212890625 0.6484375
48 0.8232421875 0.712890625 0.7373046875 0.720703125 0.7431640625 0.787109375 0.830078125 0.7783203125 0.828125 0.7294921875 0.8232421875 0.712890625
50 0.51171875 0.3525390625 0.4990234375 0.291015625 0.4111328125 0.302734375 0.408203125 0.3154296875 0.4208984375 0.369140625 0.5048828125 0.357421875 0.51171875 0.3525390625
51 0.5087890625 0.357421875 0.4208984375 0.369140625 0.41796875 0.3759765625 0.4306640625 0.435546875 0.521484375 0.4189453125 0.5087890625 0.357421875
52 0.517578125 0.4267578125 0.5126953125 0.421875 0.4287109375 0.435546875 0.423828125 0.4443359375 0.4365234375 0.501953125 0.52734375 0.4853515625 0.517578125 0.4267578125
7 0.6181640625 0.232421875 0.5439453125 0.26953125 0.5390625 0.2744140625 0.5693359375 0.330078125 0.6484375 0.2880859375 0.6181640625 0.232421875
34 0.5517578125 0.119140625 0.4775390625 0.154296875 0.47265625 0.1611328125 0.5048828125 0.212890625 0.58203125 0.1728515625 0.5517578125 0.119140625
4 0.4228515625 0.62109375 0.3369140625 0.658203125 0.3359375 0.6708984375 0.3603515625 0.724609375 0.44921875 0.6845703125 0.4228515625 0.62109375
31 0.4765625 0.7490234375 0.4521484375 0.685546875 0.3642578125 0.72265625 0.361328125 0.7275390625 0.3857421875 0.787109375 0.3935546875 0.787109375 0.4765625 0.7490234375