18 0.56193443125 0.428484390625 0.5668259499999999 0.4411575109375 0.617744028125 0.5001295390625 0.6581344234375 0.4670262078125 0.6015110734375 0.39637694218749997 0.56193443125 0.428484390625
19 0.462659353125 0.7668944703125 0.4443094109375 0.70538395625 0.3586191109375 0.7216206609375 0.3772753328125 0.7850887703125 0.462659353125 0.7668944703125
21 0.32794305 0.21570660937500002 0.26187893125 0.1962623734375 0.252447159375 0.266115821875 0.25296362656250004 0.281810759375 0.25856380625000003 0.286619325 0.3190277453125 0.301254996875 0.32794305 0.21570660937500002
22 0.7749722703125 0.8791564031249999 0.761943215625 0.8764421140625 0.7203186953125 0.8830666421875 0.7343025828124999 0.9662473921875 0.7415302671874999 0.9690641921875001 0.7886498750000001 0.9603795578125001 0.7749722703125 0.8791564031249999
23 0.58419406875 0.36625630781249996 0.515565603125 0.3056342140625 0.49491548124999996 0.32857369375 0.48057419687499997 0.348457184375 0.483426834375 0.354295803125 0.553070240625 0.40901093906249997 0.58419406875 0.36625630781249996
24 0.38670137968749996 0.281410628125 0.3899653890625 0.2960755140625 0.4458530890625 0.31864407968749997 0.46759625937499993 0.2407210578125 0.4080421703125 0.21330975625 0.38670137968749996 0.281410628125
25 0.514805828125 0.41852060625 0.4578941890625 0.3832105828125 0.42433809843750003 0.44760127968749996 0.4236294375 0.4554658359375 0.43146968750000003 0.46219782656249997 0.4783010046875 0.4888524328125 0.514805828125 0.41852060625
46 0.7211835640625 0.7770489203125 0.7362245125 0.7306524578125 0.7349993828125 0.722822071875 0.657428625 0.691803109375 0.6437089015625 0.7342502125 0.6469729140625 0.7489150984374999 0.7134484062500001 0.7771855999999999 0.7211835640625 0.7770489203125
48 0.240342678125 0.7030990140625 0.232003953125 0.7179689203125 0.30124498125 0.7825062078125 0.345905334375 0.7395123859375 0.2779855296875 0.6710257375 0.240342678125 0.7030990140625
49 0.4274577609375 0.7959800984375 0.43102805312500003 0.8126025796875 0.4524228234375 0.8563922187499999 0.5321015703125 0.8265206812500001 0.504388965625 0.7671386124999999 0.4274577609375 0.7959800984375
51 0.7097341734375 0.4621884265625 0.7123856187500001 0.47293811874999997 0.76348689375 0.48970223593749995 0.7797349765625 0.41383932031250004 0.726901103125 0.3921983 0.7097341734375 0.4621884265625
52 0.3183129515625 0.5073834781250001 0.3187243265625 0.516209746875 0.34714559375 0.567727259375 0.42875812968749993 0.5378215515625 0.397484228125 0.48046542031249995 0.3183129515625 0.5073834781250001
41 0.64640533125 0.8382419953125 0.6464143265625 0.8568904140625 0.6978218828125 0.8756121265625 0.72149884375 0.797654934375 0.666424896875 0.7740904875 0.64640533125 0.8382419953125
41 0.5956434609375 0.6811168015625 0.6526152109375001 0.63005340625 0.6154438437499999 0.58457953125 0.604453671875 0.58869974375 0.560300790625 0.6287400859375001 0.556232021875 0.6337195 0.5593909406249999 0.641515715625 0.5956434609375 0.6811168015625
5 0.5416838234375 0.2246893734375 0.5382276203125 0.23358398125000002 0.590983390625 0.304301584375 0.635547646875 0.2730875109375 0.58248559375 0.20041230937500001 0.5416838234375 0.2246893734375
7 0.5071814890625 0.8593506515625 0.5031127234375 0.8643300671875 0.5227838874999999 0.9218912187500001 0.6039940453125 0.9018076609375001 0.5840165984375 0.8422889140625 0.5071814890625 0.8593506515625
8 0.5337114921875 0.1551434546875 0.47406130625 0.13951190156249998 0.470719190625 0.1739235984375 0.47094736875 0.224957778125 0.5302912734375 0.23863173437500002 0.5337474765625 0.22973712656249998 0.5337114921875 0.1551434546875
12 0.52427645 0.640173178125 0.46857194687500003 0.575396703125 0.42675523281250005 0.6055807234375 0.4232990296875 0.61447533125 0.481243603125 0.6811752328125 0.5251952953125001 0.6460459671875001 0.52427645 0.640173178125
1 0.582124928125 0.718652828125 0.5758160875 0.7217088171875 0.5737862015624999 0.7335227343749999 0.5674082546875 0.8043037234374999 0.6248183703125 0.8180118515625001 0.6337336734375 0.732463465625 0.582124928125 0.718652828125
4 0.657924234375 1 0.6710039984375 0.983069940625 0.6700851531249999 0.9771971515625 0.606549396875 0.9243371015624999 0.5904755140625 0.9393436875000001 0.5696242 0.9671942421875 0.570543046875 0.9730670312499999 0.6049304906249999 1 0.657924234375 1
3 0.18288185625 0.1623241015625 0.1770804875 0.16242661249999998 0.1423953640625 0.207207178125 0.1286666453125 0.2310058625 0.18680341250000002 0.27414627187499996 0.23969739843750001 0.2094138734375 0.18288185625 0.1623241015625
33 0.6352744875 0.128811240625 0.6474897875 0.1325214125 0.6680258218749999 0.0840648421875 0.60597574375 0.0423739515625 0.59185830625 0.0413867640625 0.580891209375 0.0600854 0.5723512953125 0.0798663828125 0.5735764234375 0.0876967671875 0.6352744875 0.128811240625
35 0.7507040109374999 0.5753189625 0.7738914890624999 0.5376120859375 0.7103557328125001 0.4847520375 0.7045543640624999 0.484854546875 0.68319558125 0.5156585812500001 0.6776044 0.529498434375 0.7427676625 0.5803667171875 0.7507040109374999 0.5753189625
39 0.24249278593749998 0.5185382578125 0.292245846875 0.4833064828125 0.284300503125 0.46970581874999995 0.22696849375 0.4069211078125 0.183217990625 0.4371393 0.1775217140625 0.44411048124999997 0.18006806875 0.447991503125 0.24249278593749998 0.5185382578125
38 0.8035558765624999 0.6342568203125001 0.758799428125 0.6890303890625 0.8011595984375001 0.7304865609375 0.8478498359375 0.675678821875 0.8242239921875001 0.6486141765625 0.8035558765624999 0.6342568203125001
29 0.3413295015625 0.11535665625 0.30904065625 0.0639074828125 0.255717303125 0.082516778125 0.266620375 0.10882472968750001 0.30654828125 0.1719169703125 0.3587515984375 0.1523459640625 0.3413295015625 0.11535665625
31 0.5848786031250001 0.5193588453125 0.535395840625 0.48195454531250004 0.496440759375 0.536625603125 0.4921708015625 0.54651609375 0.5355459140625001 0.5820653078125 0.5435873546875001 0.583886225 0.5848786031250001 0.5193588453125
16 0.6925463859375001 0.2779693703125 0.6386975687499999 0.26223530625 0.6331153828125 0.294723578125 0.6314097703125 0.34579192812500004 0.6868860953125 0.35953422343749997 0.691759621875 0.3349105078125 0.6925463859375001 0.2779693703125