27 0.125700346875 0.4157239828125 0.1193739390625 0.4910045796875 0.123223778125 0.5085194703125 0.1985867203125 0.50252635625 0.19766885625 0.4121271796875 0.125700346875 0.4157239828125
29 0.37558540625000003 0.6338543343749999 0.371963271875 0.6262950453125 0.2973926015625 0.6334149109375 0.2936589609375 0.6377367453125 0.29763439375 0.7445240609375 0.3791077796875 0.7375893718750001 0.37558540625000003 0.6338543343749999
36 0.50919945 0.443423690625 0.5067111390625 0.45192455468750004 0.5231304703124999 0.5330664703125 0.5869509374999999 0.525105459375 0.569286278125 0.4397845125 0.50919945 0.443423690625
30 0.8380437531249999 0.47767204531249996 0.86645861875 0.5638341359375 0.920774209375 0.559211009375 0.92643159375 0.5552171578125 0.894283090625 0.47337690312499997 0.8380437531249999 0.47767204531249996
35 0.59336066875 0.23563664218749997 0.5912115671875 0.2422119828125 0.6084208203125 0.3076217265625 0.6619441421875 0.3018718484375 0.644734890625 0.236462103125 0.59336066875 0.23563664218749997
34 0.7181834765625 0.2975767046875 0.6990504796875 0.231838978125 0.6492607984375 0.2332670234375 0.6467724875 0.2417678859375 0.66307561875 0.301073078125 0.710602346875 0.3012425734375 0.7181834765625 0.2975767046875
33 0.6060440140625001 0.3042414671875 0.589173971875 0.2369061984375 0.5377997515625 0.23608073749999997 0.5330484875 0.24617914375 0.5467494562499999 0.309007396875 0.5984628828125 0.3079073359375 0.6060440140625001 0.3042414671875
13 0.273157390625 0.49540649062500003 0.268052828125 0.40627687031250004 0.20185555625 0.41085762187499997 0.1981219171875 0.4151794578125 0.19711368437500001 0.48839172656249996 0.20164194218749998 0.50205556875 0.273157390625 0.49540649062500003
40 0.347388853125 0.490212146875 0.3396821296875 0.404605590625 0.2719003203125 0.40693283750000003 0.2758734046875 0.4968612265625 0.347388853125 0.490212146875
42 0.29650291875 0.7453228296875001 0.29320590156250004 0.63468446875 0.2147877390625 0.6411483703124999 0.21276657812500002 0.753855059375 0.29650291875 0.7453228296875001
43 0.77761771875 0.483236746875 0.8056933765625001 0.5713243593749999 0.8637426046875 0.5623793984375001 0.8635149 0.5524237984375 0.8341962625000001 0.47701607968750004 0.77761771875 0.483236746875
41 0.6343825984375 0.65516855 0.62838600625 0.6610879265625 0.6526165203125001 0.7653784984375 0.7248103859375 0.7548783718750001 0.6986561265625 0.650259815625 0.6343825984375 0.65516855
52 0.5594727203125001 0.6642139421875 0.5563059921875 0.676565853125 0.5770282234375 0.7782749359375 0.6514850437499999 0.76617726875 0.6260092 0.6577076671875 0.5594727203125001 0.6642139421875
51 0.48456284062500005 0.6732593328124999 0.479811575 0.6833577375 0.49566869062499996 0.7901874265625 0.5739730015625 0.778745725 0.5530230656249999 0.6670810406250001 0.48456284062500005 0.6732593328124999
26 0.5750575140625 0.4407684609375 0.5725692046875 0.4492693265625 0.5896669515624999 0.5265601953125 0.6550719546875 0.5208526890625 0.6351443406249999 0.437129284375 0.5750575140625 0.4407684609375
26 0.4243105 0.30102436718750003 0.41423401562500006 0.2626143265625 0.35799467812499997 0.2669094703125 0.3551671609375 0.2773358578125 0.3646814296875 0.3414336703125 0.4278234796875 0.33732370624999997 0.4243105 0.30102436718750003
10 0.2940603609375 0.26989268125 0.2917997546875 0.288349146875 0.300407903125 0.3463424046875 0.3638891609375 0.34030691874999996 0.3522234421875 0.26592552187499996 0.2940603609375 0.26989268125
9 0.5204144562499999 0.531611734375 0.50501275 0.444693246875 0.4407392234375 0.4496019828125 0.45274649843750003 0.5389167796875001 0.5204144562499999 0.531611734375
2 0.13105139999999998 0.6496806 0.122692090625 0.7533732625 0.12563580937500002 0.7647836 0.21163510156249998 0.7546538296875 0.2106010390625 0.642417928125 0.13105139999999998 0.6496806
23 0.22820229687500002 0.272547909375 0.2274194203125 0.33885685468750004 0.23228688593750002 0.350595175 0.2976918890625 0.34488766875 0.2882891234375 0.2689087328125 0.22820229687500002 0.272547909375
16 0.7156071453124999 0.48654793906249993 0.7121012125 0.500825375 0.7372331484375 0.5775026515625 0.8013928234375 0.5676161171875 0.775693971875 0.48290876406249994 0.7156071453124999 0.48654793906249993