45 0.2119140625 0.3125 0.1416015625 0.326171875 0.140625 0.3466796875 0.1533203125 0.4140625 0.2265625 0.3974609375 0.2119140625 0.3125
46 0.2822265625 0.296875 0.21484375 0.3115234375 0.21875 0.3525390625 0.2314453125 0.3984375 0.302734375 0.3798828125 0.2822265625 0.296875
47 0.2861328125 0.294921875 0.3056640625 0.380859375 0.375 0.3642578125 0.3544921875 0.283203125 0.2861328125 0.294921875
48 0.4208984375 0.267578125 0.3583984375 0.279296875 0.35546875 0.2861328125 0.3779296875 0.36328125 0.447265625 0.3466796875 0.4208984375 0.267578125
41 0.0849609375 0.833984375 0.1689453125 0.80859375 0.171875 0.7939453125 0.15625 0.6806640625 0.1455078125 0.6796875 0.0693359375 0.701171875 0.064453125 0.7060546875 0.064453125 0.7177734375 0.07421875 0.8310546875 0.0849609375 0.833984375
42 0.2431640625 0.654296875 0.1611328125 0.67578125 0.15625 0.6826171875 0.1748046875 0.8046875 0.267578125 0.7763671875 0.2431640625 0.654296875
43 0.3359375 0.6357421875 0.3310546875 0.62890625 0.248046875 0.6513671875 0.248046875 0.6708984375 0.2685546875 0.775390625 0.359375 0.7490234375 0.3359375 0.6357421875
39 0.3369140625 0.466796875 0.2607421875 0.484375 0.259765625 0.4990234375 0.2783203125 0.587890625 0.361328125 0.5673828125 0.3369140625 0.466796875
28 0.44140625 0.5478515625 0.4130859375 0.44921875 0.3427734375 0.46484375 0.33984375 0.4736328125 0.34375 0.4931640625 0.3642578125 0.568359375 0.44140625 0.5478515625
29 0.4169921875 0.447265625 0.4443359375 0.544921875 0.51953125 0.5244140625 0.4873046875 0.4296875 0.4169921875 0.447265625
30 0.595703125 0.4970703125 0.5615234375 0.4140625 0.4912109375 0.4296875 0.5205078125 0.525390625 0.5263671875 0.52734375 0.595703125 0.5068359375 0.595703125 0.4970703125
5 0.673828125 0.3544921875 0.6357421875 0.283203125 0.5751953125 0.296875 0.57421875 0.3115234375 0.6064453125 0.380859375 0.673828125 0.3642578125 0.673828125 0.3544921875
6 0.7001953125 0.26953125 0.6416015625 0.283203125 0.6767578125 0.365234375 0.7373046875 0.349609375 0.7421875 0.3447265625 0.7001953125 0.26953125
7 0.806640625 0.3271484375 0.7626953125 0.25390625 0.7041015625 0.267578125 0.703125 0.2724609375 0.7431640625 0.345703125 0.7978515625 0.333984375 0.806640625 0.3271484375
19 0.7666015625 0.560546875 0.6943359375 0.578125 0.689453125 0.5888671875 0.7373046875 0.6953125 0.81640625 0.6689453125 0.7666015625 0.560546875
20 0.8408203125 0.5390625 0.7705078125 0.556640625 0.767578125 0.5615234375 0.8193359375 0.66796875 0.892578125 0.6455078125 0.8408203125 0.5390625
21 0.970703125 0.6201171875 0.9111328125 0.517578125 0.8427734375 0.537109375 0.845703125 0.5498046875 0.8974609375 0.64453125 0.9541015625 0.62890625 0.970703125 0.6201171875