36 0.396142434375 0.46067826875 0.3716239484375 0.40507817968750004 0.2893123265625 0.435446275 0.31133128125 0.49426820156250006 0.396142434375 0.46067826875
28 0.54231520625 0.2332527546875 0.5328934921874999 0.23621777187499998 0.5106859171875 0.2602531375 0.5003995890625 0.2781016515625 0.563967365625 0.3315597171875 0.6042166296875 0.2888587125 0.54231520625 0.2332527546875
30 0.8420756890625001 0.4136935015625 0.7549064703125 0.3883623015625 0.7434673234375 0.426055471875 0.740103178125 0.44416080312500006 0.7439651406250001 0.45065701406249997 0.8275448843750001 0.4714356125 0.8420756890625001 0.4136935015625
13 0.5331975203125 0.5892309265625 0.5081969359375 0.5021245203125 0.45195485 0.5149534625000001 0.4480614515625 0.5222667984375 0.4711389140625 0.6026727109375 0.480272425 0.6046688578125 0.5331975203125 0.5892309265625
18 0.6040804390625001 0.47032645312500004 0.6015651890625 0.480453065625 0.6560466109374999 0.5112006625000001 0.69969145625 0.436584778125 0.6452100359374999 0.40583718125 0.6040804390625001 0.47032645312500004
19 0.4802147203125 0.3867336359375 0.471788640625 0.4389017375 0.5578679140625 0.4564585 0.5685210390625001 0.39912495 0.48604695937500003 0.379216015625 0.4802147203125 0.3867336359375
21 0.5473615281249999 0.57097385 0.5618347359375 0.660175609375 0.623044446875 0.65471254375 0.6192767953125 0.6067876875 0.60913193125 0.5624932296875 0.5473615281249999 0.57097385
40 0.3158849546875 0.5618334359375 0.323210646875 0.6281204421875 0.38829803749999997 0.6222488125 0.3785356890625 0.531564546875 0.317325978125 0.5370276109375001 0.3158849546875 0.5618334359375
46 0.35580402968749997 0.2992535984375 0.35264949843750004 0.3469216375 0.41382777187500003 0.35526811875000003 0.42260492968749996 0.27051975625 0.3616991421875 0.2641168828125 0.35580402968749997 0.2992535984375
48 0.417401634375 0.7316045875 0.41184188125 0.7410658156250001 0.4532649578125 0.7909401515625001 0.5245671015625 0.73116109375 0.48287153906249997 0.6793431484375 0.417401634375 0.7316045875
52 0.7781149546874999 0.5328547921875 0.7314203296875 0.4874805203125 0.6775834656249999 0.5385162703125 0.670357359375 0.550125390625 0.7148406578125 0.5937603328125001 0.7259287265625 0.588647425 0.7781149546874999 0.5328547921875