5 0.23291575937500003 0.42477970000000004 0.3275935765625 0.4423231203125 0.3358251171875 0.3104533859375 0.24178315 0.2937298671875 0.23291575937500003 0.42477970000000004
4 0.42284176718750005 0.4613763859375 0.5189222171875 0.47917970624999995 0.530660346875 0.34795973125 0.43457989531249996 0.3301564078125 0.42284176718750005 0.4613763859375
33 0.7026972640625 0.3795536484375 0.6912619734375001 0.37771856718749997 0.6888309171875 0.38968044218750003 0.6744182125 0.5100987265625 0.7701258015625 0.526822634375 0.7886795875 0.3964717390625 0.7026972640625 0.3795536484375
33 0.8848554249999999 0.41623671093750003 0.8080587046875 0.3990767 0.7901476921875 0.3960416953125 0.7731435828125 0.5264051890625 0.86728043125 0.5458353218750001 0.874889840625 0.5003334453125 0.8848554249999999 0.41623671093750003
42 1 0.5745256750000001 0.910243428125 0.5566923828125 0.8998101140625 0.614333478125 0.8895327109375 0.6807931171875 0.8939551874999999 0.6864957281249999 0.979623103125 0.70432290625 0.9869074515625 0.7007895234375 1 0.6255805984375 1 0.5745256750000001
41 0.8069365609375 0.567825521875 0.7937448140625001 0.6649972625 0.8861506374999999 0.6850495765625 0.9069936249999999 0.556002334375 0.8126865390625 0.538615484375 0.8069365609375 0.567825521875
51 0.7943967671875 0.6671294359375 0.79806385625 0.64040521875 0.80830431875 0.535609365625 0.7289697640624999 0.5211498421874999 0.712111871875 0.5209560296875 0.6983212109375 0.6453623953125 0.704694825 0.65142654375 0.7943967671875 0.6671294359375
15 0.6863025640625 0.6255560734375 0.6965027703125 0.518063725 0.604096946875 0.4980114109375 0.5890574953125001 0.6251162671875 0.6773788984375 0.6463650125 0.6827121078125 0.642470090625 0.6863025640625 0.6255560734375
14 0.510442334375 0.4806575875 0.49540288437499996 0.60776244375 0.5839064328125 0.62709168125 0.5910611078125 0.6040016984375 0.600897021875 0.5003483640625 0.510442334375 0.4806575875
14 0.492385103125 0.6081798890625 0.5054734171875 0.480713496875 0.4137699421875 0.46372120937499994 0.401748271875 0.59040861875 0.492385103125 0.6081798890625
24 0.32331525625 0.44403043281250004 0.3179820453125 0.44792535468750005 0.30827580625 0.571135290625 0.398730490625 0.5908260640624999 0.4118188046875 0.463359671875 0.32331525625 0.44403043281250004
20 0.21922581874999997 0.5575645703125 0.3050758796875 0.5734722421875 0.3090043921875 0.563457265625 0.3189158859375 0.44352349531249996 0.2241726 0.42667002187499997 0.22107661250000002 0.4668169296875 0.214803340625 0.551861959375 0.21922581874999997 0.5575645703125
19 0.21680695156250002 0.5307473921875 0.2228354359375 0.42572017500000003 0.12997047343749998 0.41015767812500004 0.123099865625 0.5348696734375 0.13142461875 0.5412953593750001 0.2139025765625 0.55745995625 0.21680695156250002 0.5307473921875