20 0.72176599375 0.547731421875 0.728359653125 0.55281564375 0.8335194593749999 0.5450960796875 0.804394228125 0.392755990625 0.698810896875 0.3960992046875 0.693911334375 0.40852038906250004 0.7160104781250001 0.537797340625 0.72176599375 0.547731421875
21 0.22333576093750002 0.62594599375 0.2276914015625 0.6394289843750001 0.3945525609375 0.6387881281250001 0.3866259921875 0.5253569203125 0.22929644843750002 0.5209087765625 0.2229881078125 0.5232763078125 0.22131181875 0.5329760234375 0.22333576093750002 0.62594599375
35 0.573691653125 0.5443450828125 0.5210449625 0.44618565312499997 0.3821232390625 0.5013467703125001 0.3793234890625 0.5084445921875 0.42874690624999995 0.6093254875 0.5708919046875 0.551442903125 0.573691653125 0.5443450828125
37 0.5726615171875 0.8984851875000001 0.7414753765625 0.881993809375 0.7171382140625 0.761115625 0.698627809375 0.7589920125 0.5603793078125 0.771570990625 0.5508476921875001 0.776659990625 0.5640884421875 0.868443803125 0.5726615171875 0.8984851875000001
38 0.427601359375 0.35880208125 0.48052446406250005 0.450810703125 0.60388264375 0.3969553125 0.6167757390624999 0.386069440625 0.567499434375 0.295715703125 0.5602058375000001 0.292405934375 0.45338755312499995 0.3370303390625 0.4299775859375 0.3473279109375 0.427601359375 0.35880208125
8 0.7107810734375 0.4747539625 0.6574344437499999 0.3783689890625 0.5293060046875 0.42796759843750004 0.5189362453124999 0.4379064578125 0.5715829359375 0.5360658859375 0.7079813234375 0.48185178124999994 0.7107810734375 0.4747539625
9 0.2388102546875 0.48861465156249995 0.2490596171875 0.5089563203125 0.39066069375 0.47697790937500006 0.401592184375 0.46834 0.3772817375 0.3882695 0.3640855140625 0.36449849218749997 0.21869943281249998 0.3978974234375 0.21674673125 0.4137479453125 0.2388102546875 0.48861465156249995
11 0.4339852171875 0.685971428125 0.4322822140625 0.654863459375 0.31813471249999997 0.64176785 0.31268232500000004 0.666490646875 0.303663284375 0.8119816125 0.42328098281250004 0.8275595484375 0.4339852171875 0.685971428125
3 0.59656660625 0.5735542484375 0.595028525 0.5801785609375 0.6846871218749999 0.6689826531249999 0.7133086843750001 0.6945233359375 0.7243872859375 0.696412584375 0.79220534375 0.62258379375 0.7907965640625 0.61253014375 0.671116528125 0.5017342765625 0.6329989703125001 0.5356928390625 0.59656660625 0.5735542484375
47 0.612393028125 0.759608978125 0.6897427 0.6806911875 0.6656060796875 0.6519555296874999 0.5693538234375 0.5580672171875001 0.4969037125 0.624563821875 0.4908806890625 0.6343831093750001 0.49368934375 0.6408878515625 0.612393028125 0.759608978125
51 0.553888234375 0.70900111875 0.5506560546875 0.6981200234375 0.43650855312500003 0.6850244140624999 0.4288448625 0.7589536640625 0.4268073859375 0.859494959375 0.547125021875 0.8732984390625 0.553888234375 0.70900111875