0 0.8701086234375 0.47963521406250004 0.8209536609375 0.4920983171875 0.8336330359374999 0.5411703125 0.839548575 0.5584968046875 0.8456432640625 0.563123453125 0.8917858828125 0.55119121875 0.8701086234375 0.47963521406250004
7 0.559968825 0.5995330078125 0.5457945515625 0.59252975 0.5190334484375 0.625749490625 0.5221857921875 0.63659539375 0.5770379921875 0.6782352359375 0.6064222921875 0.6401193140625 0.559968825 0.5995330078125
5 0.5630926828125 0.335482471875 0.5680899234375001 0.3327015640625 0.577454409375 0.2759442796875 0.5752595125 0.26112916406250003 0.53121094375 0.2524231296875 0.5262137015625 0.2552040390625 0.5166000671875 0.31897277968750004 0.5230839046875 0.32796474375 0.5630926828125 0.335482471875
4 0.623899571875 0.3703721953125 0.6189023312499999 0.373153103125 0.6203889265625 0.3849259765625 0.6288885109375 0.421432896875 0.7018930796875 0.41173430624999996 0.6925451984375 0.36080837187500003 0.623899571875 0.3703721953125
18 0.28573037343749996 0.4749404015625 0.280024834375 0.47467906718749997 0.2346913640625 0.525106928125 0.237454559375 0.5315875171875 0.27370354375 0.5606704828125 0.321021909375 0.50799258125 0.28573037343749996 0.4749404015625
20 0.48832509843749994 0.7470759203124999 0.49413148749999997 0.7827906375 0.5668869062499999 0.780103503125 0.5618979671875 0.729042803125 0.49144659375 0.728156825 0.48832509843749994 0.7470759203124999
22 0.6635251421875 0.5648144390625001 0.671137275 0.6109789578125 0.7455584421875 0.6073648546875 0.73890375625 0.5572311234375 0.6651208890625 0.558199084375 0.6635251421875 0.5648144390625001
23 0.2873320640625 0.659614875 0.29391675 0.7040602234375 0.3432117109375 0.7029738921875001 0.3379427734375 0.6291596484374999 0.286982065625 0.6311729484375 0.2873320640625 0.659614875
14 0.47022254375 0.47536469062500003 0.441523996875 0.4329162484375 0.381557103125 0.46628715 0.4109639484375 0.5117778375 0.47022254375 0.47536469062500003
15 0.7159499015625 0.49096740156249996 0.7170473484375 0.498374959375 0.7582935734375 0.5246770187500001 0.798808953125 0.46433022343749997 0.7555078328125 0.43458982031250004 0.7159499015625 0.49096740156249996
16 0.7020722296875 0.399034465625 0.7052945734375 0.41556875312499997 0.7556169828125 0.41620159375 0.7557344359375 0.34397175468749996 0.704384578125 0.34161974375000004 0.7020722296875 0.399034465625
17 0.41395138437499995 0.6727718015625 0.4830561609375 0.6732616765625 0.48345361249999996 0.6237853796875 0.47735892343749997 0.6191587296875001 0.41094734375 0.6194610578125 0.40704755 0.6296495234374999 0.408354996875 0.6541222375 0.40991159218749995 0.6715834953125001 0.41395138437499995 0.6727718015625
34 0.3787464546875 0.5377247859375001 0.37098601875 0.53402510625 0.322570203125 0.5792954499999999 0.3246951 0.5884221796875 0.35761258906250004 0.619359084375 0.4080133 0.5718387015624999 0.3787464546875 0.5377247859375001
31 0.490110659375 0.428787671875 0.48178192343750004 0.43342252031250006 0.482879371875 0.440830078125 0.505763228125 0.5014054140625 0.5538907421875 0.4872231375 0.5299094390625 0.41924024531250004 0.490110659375 0.428787671875
44 0.5774437453125 0.5749173296875 0.5424405125 0.51077708125 0.49842278906250004 0.5318360453125 0.534453471875 0.5976954671875 0.5774437453125 0.5749173296875