40 0.3106660015625 0.4527063046875 0.2876161078125 0.3944334640625 0.2475211125 0.40902030468749995 0.269669178125 0.46833799843749996 0.3106660015625 0.4527063046875
45 0.509564896875 0.70876430625 0.505351509375 0.7178948093749999 0.5305299328124999 0.7524569999999999 0.58190506875 0.718427728125 0.5583824234375 0.6798227109375 0.509564896875 0.70876430625
45 0.7287361421874999 0.2997493296875 0.6778919859375 0.263056375 0.6538383609375 0.29517358437499996 0.6521825828125001 0.2992164109375 0.6595305359375 0.30557433125 0.7028788593749999 0.33395624062499996 0.7287361421874999 0.2997493296875
47 0.646538690625 0.50970311875 0.6329361640625 0.4596047484375 0.5913478265625 0.467423940625 0.5893817328125001 0.48032411562500005 0.6028363796875 0.5284693640625 0.6444247187500001 0.5206501703125 0.646538690625 0.50970311875
50 0.2438165046875 0.7617231671875 0.24380194687499998 0.7744867671875 0.3021710484375 0.79396356875 0.3175312546875 0.7506739109375 0.2581124453125 0.7302888359375 0.2438165046875 0.7617231671875
50 0.5788455953125 0.7687104312499999 0.5764358656249999 0.77575123125 0.5993378796875 0.83207095 0.6403347046875 0.81643925625 0.61908846875 0.7560767125 0.5788455953125 0.7687104312499999
51 0.3869843375 0.5278677015625 0.3779806046875 0.5255526046875 0.345396 0.53568689375 0.342838390625 0.5407745687500001 0.35883608749999996 0.596595740625 0.402228084375 0.586686846875 0.3869843375 0.5278677015625
52 0.6636565796875 0.3730254328125 0.6528055171875 0.41109083750000003 0.6940689828125 0.42489259687500003 0.71424865 0.3675213375 0.6729851828125 0.3537195796875 0.6636565796875 0.3730254328125
43 0.4014112953125 0.38156096562499997 0.40200281093749995 0.38937346562499997 0.43605164375000005 0.411534028125 0.47033570156250004 0.3590661125 0.4343353296875 0.3370421265625 0.4014112953125 0.38156096562499997
19 0.2445267828125 0.79701599375 0.20616035312499997 0.7437420078125 0.170855703125 0.7697744484375 0.17474421874999999 0.7822648953125 0.2062208875 0.822276734375 0.2158306921875 0.81964073125 0.2445267828125 0.79701599375
23 0.6797102015625 0.24820307343749998 0.6737513859375001 0.2083688734375 0.615205290625 0.21246614687499998 0.6144222265625 0.24099132499999998 0.6205580359375 0.257251446875 0.6732495203125 0.2535639 0.6797102015625 0.24820307343749998
25 0.5446128515625 0.3813565578125 0.5233834796875 0.43781954218749997 0.5628432875 0.4537110015625 0.5870739046875 0.398019715625 0.5513692906250001 0.3799019796875 0.5446128515625 0.3813565578125
5 0.1487635625 0.529813225 0.1408095390625 0.5284064015625 0.11149281874999999 0.568745840625 0.10652548125000001 0.5808743171875 0.14267373125 0.604851428125 0.178909325 0.5522469375 0.1487635625 0.529813225
34 0.495528684375 0.3808647015625 0.475807209375 0.4313317375 0.51526701875 0.447223196875 0.5394976359375 0.3915319109375 0.5058924375 0.37523072343749997 0.495528684375 0.3808647015625
38 0.809340653125 0.301962221875 0.7937720328125 0.26476402656250003 0.738064746875 0.280443475 0.7358028953125 0.2894374015625 0.7510757578125 0.3227293453125 0.7971732406250001 0.30968590156250003 0.809340653125 0.301962221875