18 0.5888179499999999 0.42275986093749995 0.5889684859375001 0.43577023906249995 0.6172980875 0.5047643390625 0.66907688125 0.4867412921875 0.6394328671875 0.405399509375 0.5888179499999999 0.42275986093749995
19 0.36724886562500003 0.7011602609375001 0.3718089109375 0.63963143125 0.2817662515625 0.6286940421875 0.27678857031250004 0.6920976796875 0.36724886562500003 0.7011602609375001
21 0.4372696453125 0.158728965625 0.379575996875 0.1211874453125 0.3446936296875 0.1819742609375 0.3394424125 0.19642330937500002 0.3431736140625 0.20248387031249998 0.3971360609375 0.23396482968750001 0.4372696453125 0.158728965625
22 0.632528590625 0.8971600453124999 0.6207392781250001 0.890776625 0.577463765625 0.8843138890625 0.5606692375 0.964267940625 0.5667281953125001 0.9690031109374999 0.6161516984375 0.9752392890625 0.632528590625 0.8971600453124999
23 0.6334904765625 0.37276877812500003 0.58838745 0.2969551203125 0.5597081421875 0.3116477078125 0.53834070625 0.3254510421875 0.5389979125 0.3316248828125 0.5872639703125 0.40236353124999996 0.6334904765625 0.37276877812500003
24 0.47082292968750006 0.2362078515625 0.46864570937499994 0.2505436203125 0.5152072515625 0.2878755609375 0.565130996875 0.2234354296875 0.51674836875 0.18059234375 0.47082292968750006 0.2362078515625
25 0.546227178125 0.39953713125 0.5033353375 0.35029364531249996 0.44678446406249994 0.3988630375 0.44320379687499994 0.40581285468750006 0.44842747968749996 0.4142976390625 0.4846031578125 0.452632115625 0.546227178125 0.39953713125
46 0.617207246875 0.788019 0.648988084375 0.7502792984375 0.6506586343749999 0.742780065625 0.5859202171875 0.691242615625 0.5568847734375 0.7257821171875001 0.5547075515625 0.7401178859375 0.6095667734375 0.7858213328125 0.617207246875 0.788019
48 0.1724994125 0.5763182812500001 0.15886148125 0.58735755 0.2031292359375 0.6669208234374999 0.262726571875 0.6411719859375 0.2212042109375 0.5584085125 0.1724994125 0.5763182812500001
49 0.3220357 0.717081940625 0.31944084375 0.7332925171875 0.3243698890625 0.7795963218749999 0.41351577187500005 0.7763112203125 0.4081075890625 0.7139101171875 0.3220357 0.717081940625
51 0.721485346875 0.4978259203125 0.7201434015625 0.5084120734375001 0.7641376203125 0.5390207578124999 0.807913371875 0.4748071828125 0.7640081875 0.439236771875 0.721485346875 0.4978259203125
52 0.320812128125 0.42147959999999995 0.317977703125 0.429641528125 0.326966553125 0.485092815625 0.41802255468749994 0.482357128125 0.408376496875 0.4207320015625 0.320812128125 0.42147959999999995
41 0.521379165625 0.82130103125 0.5145464328125 0.838287584375 0.5581230140625 0.8707710765625001 0.6099568765625001 0.8068803593749999 0.5645592125000001 0.768885721875 0.521379165625 0.82130103125
41 0.529212378125 0.66296185625 0.603851090625 0.6335597015625 0.5840587359375 0.58098575625 0.5717627515625 0.5814388734375 0.51374693125 0.604650209375 0.5079275421875 0.6079636875000001 0.5081671109375 0.6160123359375 0.529212378125 0.66296185625
5 0.6437129453125 0.23107631875 0.6370582828125 0.2381394140625 0.662882059375 0.3183823625 0.718063453125 0.30333295625 0.6926573125 0.2212152 0.6437129453125 0.23107631875
7 0.3770179234375 0.7987295999999999 0.371198534375 0.8020430781250001 0.3693838828125 0.8603717078124999 0.4564415796875 0.8664606453125 0.45867386874999994 0.8062572078124999 0.3770179234375 0.7987295999999999
8 0.6614042484375 0.16534475625 0.6086056796875 0.1332011015625 0.59270149375 0.16353786875 0.57420245 0.21008521406249997 0.6274186562499999 0.24035405937499998 0.6340733203125 0.2332909640625 0.6614042484375 0.16534475625
12 0.47420262031249993 0.60424803125 0.44330569531249997 0.5285306750000001 0.3911982984375 0.5434668015625 0.384543634375 0.550529896875 0.41693304218750005 0.6286714796874999 0.472949709375 0.60987245625 0.47420262031249993 0.60424803125
1 0.502176084375 0.6930890468750001 0.494864215625 0.6939783 0.48853815625 0.704128315625 0.45631214687500005 0.7666766593750001 0.507618234375 0.7963960890624999 0.5477518203125 0.7211602265625 0.502176084375 0.6930890468750001
4 0.44424749375 0.9896315828125 0.49238411875 0.960586246875 0.49363703125 0.954961821875 0.450683690625 0.8877462312500001 0.4294052875 0.8965878359375001 0.398726828125 0.9156927343750001 0.397473915625 0.9213171593749999 0.44424749375 0.9896315828125
3 0.3145089765625 0.066563075 0.308778621875 0.064914825 0.25831424062499997 0.0952855546875 0.236111528125 0.11283850312499999 0.2773328203125 0.169581221875 0.3529848765625 0.1265059921875 0.3145089765625 0.066563075
33 0.7707261578125 0.17185285 0.7813515921875 0.17889896562500002 0.8192804203125 0.14093270625 0.7659412140625 0.074719646875 0.742574625 0.09293529218749999 0.726937540625 0.108386875 0.7252669921875 0.1158861078125 0.7707261578125 0.17185285
35 0.7201837984374999 0.6131577874999999 0.75677068125 0.5857776796875 0.713817340625 0.5185620890625 0.7080869859375001 0.5169138390625 0.6758270109375 0.5385562421875 0.665263078125 0.549482234375 0.710544175 0.6153724328125 0.7201837984374999 0.6131577874999999
39 0.24231921406249998 0.40887698281249996 0.30406623593750004 0.39172620937499997 0.30125934375 0.3769543015625 0.26803466249999996 0.3025623375 0.214017146875 0.3169490484375 0.2058700015625 0.32158791875000003 0.20694484531250001 0.32588695 0.24231921406249998 0.40887698281249996
38 0.7504235203125 0.6827013046875 0.6864102421875 0.7191495734375 0.712768225 0.769622153125 0.7786916203125 0.7337233000000001 0.7654373609375 0.701981821875 0.7504235203125 0.6827013046875
29 0.487220925 0.0713549984375 0.4744118359375 0.0148048796875 0.415259671875 0.015745075 0.41630698125 0.0429779421875 0.43234059843750006 0.112425159375 0.49074652343749997 0.1102728515625 0.487220925 0.0713549984375
31 0.5779933453125 0.5124108125 0.543159615625 0.463490184375 0.484876690625 0.5015867046875 0.47705815156250003 0.509312496875 0.5065791640625 0.5547100656249999 0.5138019984375 0.558782540625 0.5779933453125 0.5124108125
16 0.77220396875 0.3248904578125 0.725135753125 0.29439505312500003 0.7077390859375 0.322307596875 0.687329925 0.36830552499999997 0.7367258953125 0.3974755375 0.75054189375 0.376512809375 0.77220396875 0.3248904578125