9 0.366472703125 0.393545815625 0.35681079531250004 0.2841026328125 0.3535148140625 0.27721555625 0.272518540625 0.280683553125 0.2799147234375 0.3842332703125 0.2824882765625 0.3959861140625 0.2923803796875 0.3981096984375 0.344213390625 0.39803657187499997 0.366472703125 0.393545815625
10 0.5326722234375 0.4666879453125 0.5396787828125 0.4697369546875 0.6150065796875 0.47007293125 0.6109105390625 0.354872646875 0.531461728125 0.3505622390625 0.5286787937499999 0.35344078749999996 0.5326722234375 0.4666879453125
11 0.688196234375 0.3552427171875 0.6137960828125 0.35394722343749996 0.616964478125 0.4701070234375 0.627886834375 0.47322421718749996 0.697340934375 0.47345791718749997 0.700948903125 0.4676667265625 0.6952027921874999 0.35829172656249997 0.688196234375 0.3552427171875
12 0.6952027921874999 0.35829172656249997 0.7011541234374999 0.4715729765625 0.779572678125 0.474889778125 0.7852411578125 0.471085803125 0.7773319296875 0.3577704609375 0.6979857265625 0.35541317656250004 0.6952027921874999 0.35829172656249997
1 0.700480190625 0.7193812078125 0.707589359375 0.7243833421875 0.782917153125 0.72471931875 0.7807790125 0.6095531265624999 0.7776882515625 0.6065723015625 0.6973117953125 0.6032214078125 0.700480190625 0.7193812078125
26 0.4468158578125 0.5451978421875 0.443725096875 0.5422170171875 0.3634512484375 0.5408192484375001 0.3646617453125 0.65694495625 0.3677525078125 0.65992578125 0.40113939531250004 0.6624584687499999 0.4470987078125 0.662283065625 0.4508092875 0.6584450000000001 0.4468158578125 0.5451978421875
49 0.28042776875 0.393998896875 0.2694277796875 0.277702728125 0.18925654218750002 0.278258084375 0.1864736078125 0.2811366359375 0.193664571875 0.3807801015625 0.19644334218749998 0.39643919375 0.20437754687499998 0.3985286859375 0.2776448359375 0.3968774453125 0.28042776875 0.393998896875
52 0.2763760609375 0.54027871875 0.2804721015625 0.655479003125 0.36280645625 0.6588639890625 0.36056570468750004 0.541744671875 0.351601246875 0.538661571875 0.2791589953125 0.5374001703125 0.2763760609375 0.54027871875
41 0.8651489 0.7261511781250001 0.8630107593749999 0.6109849890625 0.7835619484375 0.606674578125 0.7847724421875 0.7228002859375 0.791779003125 0.7258492953125 0.8651489 0.7261511781250001
42 0.5331436421875 0.6618299859375 0.53090289375 0.5447106703125 0.4494961828125 0.54036616875 0.4508092875 0.6584450000000001 0.457815846875 0.6614940093749999 0.5331436421875 0.6618299859375
43 0.5349989328125 0.659910953125 0.53808969375 0.662891778125 0.617435896875 0.6652490625 0.615195146875 0.548129746875 0.5337884374999999 0.5437852453125 0.5310055015625 0.54666379375 0.5349989328125 0.659910953125
36 0.44798202187499997 0.3998434421875 0.45076495781250003 0.39696489375 0.44357399218750004 0.2973214265625 0.437704459375 0.278681509375 0.36144901875 0.27930504843750004 0.3567081859375 0.28214950625 0.3666779203125 0.39745206718750004 0.369768684375 0.400432890625 0.3922332140625 0.3998483859375 0.44798202187499997 0.3998434421875
14 0.8645498953124999 0.6402818640625 0.867106796875 0.726185271875 0.9465556093749999 0.7304956828125 0.9453451140625001 0.6143699734375 0.865896303125 0.6100595640625001 0.8645498953124999 0.6402818640625