40 0.2900390625 0.359375 0.3076171875 0.419921875 0.349609375 0.4072265625 0.3310546875 0.34765625 0.2900390625 0.359375
45 0.5791015625 0.650390625 0.5283203125 0.67578125 0.5234375 0.6845703125 0.5458984375 0.720703125 0.599609375 0.6904296875 0.5791015625 0.650390625
45 0.77734375 0.2841796875 0.7294921875 0.244140625 0.703125 0.2744140625 0.701171875 0.2783203125 0.7080078125 0.28515625 0.7490234375 0.31640625 0.77734375 0.2841796875
47 0.6796875 0.4873046875 0.669921875 0.4365234375 0.6279296875 0.44140625 0.625 0.4541015625 0.634765625 0.5029296875 0.6767578125 0.498046875 0.6796875 0.4873046875
50 0.2763671875 0.6796875 0.259765625 0.7099609375 0.2587890625 0.72265625 0.3154296875 0.74609375 0.333984375 0.7041015625 0.2763671875 0.6796875
50 0.6337890625 0.73046875 0.5927734375 0.740234375 0.58984375 0.7470703125 0.6083984375 0.8046875 0.650390625 0.7919921875 0.6337890625 0.73046875
51 0.419921875 0.4873046875 0.4111328125 0.484375 0.3779296875 0.4921875 0.375 0.4970703125 0.38671875 0.5537109375 0.4306640625 0.546875 0.419921875 0.4873046875
52 0.7177734375 0.333984375 0.70703125 0.3525390625 0.693359375 0.3896484375 0.7333984375 0.40625 0.7578125 0.3505859375 0.7177734375 0.333984375
43 0.4814453125 0.30078125 0.4453125 0.3427734375 0.4453125 0.3505859375 0.4775390625 0.375 0.515625 0.3251953125 0.4814453125 0.30078125
19 0.2578125 0.7451171875 0.2236328125 0.689453125 0.1865234375 0.712890625 0.189453125 0.7255859375 0.2177734375 0.767578125 0.2275390625 0.765625 0.2578125 0.7451171875
23 0.732421875 0.2294921875 0.7294921875 0.189453125 0.6708984375 0.189453125 0.66796875 0.2177734375 0.6728515625 0.234375 0.7255859375 0.234375 0.732421875 0.2294921875
25 0.5947265625 0.3515625 0.587890625 0.3525390625 0.5625 0.4072265625 0.6005859375 0.42578125 0.62890625 0.3720703125 0.5947265625 0.3515625
5 0.1826171875 0.47265625 0.1748046875 0.470703125 0.142578125 0.5087890625 0.13671875 0.5205078125 0.1708984375 0.546875 0.2109375 0.4970703125 0.1826171875 0.47265625
34 0.5498046875 0.34375 0.5390625 0.3486328125 0.515625 0.3974609375 0.5537109375 0.416015625 0.58203125 0.3623046875 0.5498046875 0.34375
38 0.857421875 0.2919921875 0.8447265625 0.25390625 0.7880859375 0.265625 0.78515625 0.2744140625 0.7978515625 0.30859375 0.8447265625 0.298828125 0.857421875 0.2919921875