45 0.3449990375 0.2418554953125 0.40249423125000006 0.1373864265625 0.33060183906249996 0.1052582140625 0.2761610578125 0.2099015203125 0.3449990375 0.2418554953125
46 0.40249423125000006 0.1373864265625 0.3489622 0.24021309531249999 0.3510237296875 0.24655895 0.4186247890625 0.2747054109375 0.474386625 0.1695146375 0.40249423125000006 0.1373864265625
47 0.4914259328125 0.305016984375 0.5480965171875 0.1980095734375 0.4792585390625 0.1660556 0.422587953125 0.273063009375 0.4914259328125 0.305016984375
48 0.5507386249999999 0.196914640625 0.495389096875 0.303374584375 0.5642270734375 0.3353285578125 0.5871898234375 0.2998917375 0.62263101875 0.229042853125 0.5507386249999999 0.196914640625
5 0.7390947031249999 0.509106928125 0.7922144296875 0.40501108906249994 0.7176799265625 0.3739778125 0.6658812546874999 0.47752618281250003 0.7390947031249999 0.509106928125
6 0.794444234375 0.402646984375 0.74214911875 0.509281165625 0.8118958453125 0.5394185015625 0.8267639921875001 0.51597644375 0.8641909609375 0.4327843203125 0.794444234375 0.402646984375
7 0.887339096875 0.5686351421875 0.9379008499999999 0.46127925625 0.8672453750000001 0.432958559375 0.815859009375 0.5377761015625 0.887339096875 0.5686351421875
39 0.32423257968749997 0.367104503125 0.306898975 0.359887459375 0.30029370312500003 0.3626247953125 0.2475862828125 0.46798980468750007 0.31906637031249996 0.4988488453125 0.3765615671875 0.3943797765625 0.32423257968749997 0.367104503125
28 0.3765615671875 0.3943797765625 0.32212078437499997 0.4990230828125 0.39360087187500004 0.529882125 0.448453959375 0.4265079890625 0.42212538125 0.410058275 0.3765615671875 0.3943797765625
29 0.46640201406250004 0.560193696875 0.52216385 0.45500292499999995 0.4493627078125 0.4246913515625 0.3966552890625 0.5300563609375 0.46640201406250004 0.560193696875
30 0.54002776875 0.5930436140625 0.5949649921875 0.48531449843749996 0.525218265625 0.4551771609375 0.4694564296875 0.5603679359375 0.54002776875 0.5930436140625
19 0.5490649890625 0.71314166875 0.542459715625 0.715879003125 0.49148565624999996 0.8219657187499999 0.5620569953125 0.8546413968750001 0.6196363265625 0.7458173484375 0.5490649890625 0.71314166875
20 0.63923360625 0.8845797390625 0.69334621875 0.774312284375 0.62186613125 0.74345324375 0.5669289078124999 0.8511823578125 0.63923360625 0.8845797390625
21 0.696400634375 0.7744865203125 0.642288021875 0.8847539781249999 0.713768109375 0.91561301875 0.767796584375 0.8097005421875 0.7657350546874999 0.8033546859375 0.696400634375 0.7744865203125
41 0 0.5651985453124999 0.0500760578125 0.584402228125 0.1067466421875 0.47739481718750004 0.0339454984375 0.44708324375 0 0.512331559375 0 0.5651985453124999
42 0.12461055937500001 0.61543550625 0.18218989218749998 0.5066114578125 0.1084800015625 0.478116521875 0.0548638328125 0.58529816875 0.12461055937500001 0.61543550625
43 0.20178717031249999 0.6453738484375 0.2593665046875 0.5365498 0.187886415625 0.5056907609375 0.18128114374999998 0.50842809375 0.129482471875 0.611976465625 0.13154400156249998 0.618322321875 0.20178717031249999 0.6453738484375