31 0.25354509531249997 0.28318108125 0.33516043125 0.19740213281250002 0.27163096875 0.1376685390625 0.18995137499999998 0.2220657921875 0.25354509531249997 0.28318108125
34 0.18326518281249998 0.5236379999999999 0.2689550515625 0.436404996875 0.2054255890625 0.37667140625 0.1224306546875 0.4624744734375 0.18326518281249998 0.5236379999999999
35 0.24823849843749998 0.5847291718750001 0.334056878125 0.50025956875 0.2690835640625 0.439168396875 0.1874039703125 0.5235656468750001 0.24823849843749998 0.5847291718750001
36 0.3159710046875 0.6457721109375 0.40166087343749995 0.5585391093750001 0.3381314109375 0.498805515625 0.2551364765625 0.584608584375 0.3159710046875 0.6457721109375
12 0.6640675078125 0.4709824453125 0.7469981859375 0.383797678125 0.6835972328125 0.326827484375 0.6033614921875 0.4125823171875 0.6640675078125 0.4709824453125
1 0.751265484375 0.38648872343749996 0.6682062953125001 0.47091009218749996 0.7275969718749999 0.5307160359374999 0.73449495 0.5305954484375001 0.8106561609374999 0.44629466874999996 0.751265484375 0.38648872343749996
2 0.795329478125 0.5917589750000001 0.8727417718750001 0.504670678125 0.81203575625 0.4462705515625 0.73186426875 0.5334070828125 0.795329478125 0.5917589750000001
3 0.86017428125 0.65008675 0.9375865750000001 0.562998453125 0.8768805593750001 0.504598325 0.7980244125 0.590329040625 0.86017428125 0.65008675
4 0.3366042828125 0.19875971406249998 0.254924690625 0.28315696562500003 0.3170745578125 0.342914675 0.3988184078125 0.259899121875 0.395609425 0.2502754625 0.3366042828125 0.19875971406249998
44 0.38349172343750004 0.4053634296875 0.46655091249999997 0.3209420609375 0.404272534375 0.258420953125 0.32121334375 0.34284232187499997 0.38349172343750004 0.4053634296875
49 0.629679703125 0.5628498921875 0.54937970625 0.647223025 0.5511448359375 0.6554891031250001 0.6116580859375 0.709744134375 0.6919580828125 0.625371 0.629679703125 0.5628498921875
22 0.6751875484375 0.769477725 0.755487546875 0.6851045921875001 0.69465301875 0.623941065625 0.6144815328125001 0.7110775984375 0.6751875484375 0.769477725
26 0.75818248125 0.68367465625 0.6780109953125 0.7708111890625 0.7387170125 0.8292113171875 0.819017009375 0.7448381828125 0.7883748515625 0.709420471875 0.75818248125 0.68367465625
25 0.4705537859375 0.7039139375000001 0.45720761875000004 0.713827009375 0.38775161874999997 0.7938621046875001 0.4499014859375 0.8536198125000001 0.532832165625 0.7664350468750001 0.4705537859375 0.7039139375000001
14 0.5355271015625 0.7650051125 0.454040275 0.8535474609374999 0.46867155625 0.871268375 0.51750548125 0.911899353125 0.59767696875 0.824762821875 0.5355271015625 0.7650051125
15 0.60181575625 0.8246904671875 0.52020041875 0.91046941875 0.521965546875 0.918735496875 0.5823502859375 0.9702271281250001 0.662521771875 0.8830905953125001 0.60181575625 0.8246904671875
16 0.6753148671875 1 0.728681915625 0.9400125546875 0.6665320484375 0.8802548437500001 0.5864890734375 0.9701547765624999 0.6011203546874999 0.987875690625 0.6156924296875 1 0.6753148671875 1