32 0.0771484375 0.48828125 0.076171875 0.5869140625 0.1474609375 0.587890625 0.1484375 0.4892578125 0.0771484375 0.48828125
33 0.1513671875 0.48828125 0.150390625 0.5849609375 0.2197265625 0.5859375 0.220703125 0.4892578125 0.1513671875 0.48828125
27 0.60546875 0.6669921875 0.5361328125 0.66796875 0.537109375 0.7666015625 0.6064453125 0.767578125 0.609375 0.7587890625 0.60546875 0.6669921875
38 0.662109375 0.4462890625 0.5927734375 0.4453125 0.58984375 0.4560546875 0.59375 0.5439453125 0.6630859375 0.54296875 0.662109375 0.4462890625
37 0.876953125 0.5068359375 0.8046875 0.5068359375 0.802734375 0.5986328125 0.8076171875 0.603515625 0.8740234375 0.603515625 0.876953125 0.5068359375
50 0.876953125 0.5068359375 0.875 0.6005859375 0.9443359375 0.603515625 0.9453125 0.5068359375 0.876953125 0.5068359375
9 0.3662109375 0.23828125 0.365234375 0.3388671875 0.4326171875 0.33984375 0.43359375 0.2392578125 0.3662109375 0.23828125
10 0.4384765625 0.23828125 0.435546875 0.3388671875 0.5048828125 0.33984375 0.505859375 0.2412109375 0.4384765625 0.23828125
11 0.5087890625 0.23828125 0.5078125 0.3388671875 0.5751953125 0.33984375 0.576171875 0.2392578125 0.5087890625 0.23828125
12 0.5791015625 0.240234375 0.576171875 0.3388671875 0.6455078125 0.33984375 0.6484375 0.2412109375 0.5791015625 0.240234375
24 0.4521484375 0.447265625 0.451171875 0.5458984375 0.5185546875 0.546875 0.51953125 0.4482421875 0.4521484375 0.447265625
51 0.5224609375 0.447265625 0.5234375 0.5458984375 0.5908203125 0.544921875 0.58984375 0.4482421875 0.5224609375 0.447265625
26 0.2236328125 0.486328125 0.22265625 0.5869140625 0.2939453125 0.5859375 0.294921875 0.4873046875 0.2236328125 0.486328125
40 0.5009765625 0.666015625 0.46484375 0.6708984375 0.466796875 0.7705078125 0.5361328125 0.76953125 0.53515625 0.6689453125 0.5009765625 0.666015625
13 0.6103515625 0.6640625 0.609375 0.7646484375 0.6767578125 0.765625 0.677734375 0.6669921875 0.6103515625 0.6640625