18 0.5659959578125 0.3457547421875 0.6458334031249999 0.4301272625 0.712738584375 0.37085401875 0.63304575625 0.282328809375 0.5832842890625 0.3247013578125 0.5659959578125 0.3457547421875
24 0.33467856875 0.2930846796875 0.41451601406250005 0.37745719843750003 0.4786603234375 0.318232278125 0.40163195625 0.2324272046875 0.39330112968750003 0.2339564046875 0.33467856875 0.2930846796875
25 0.42551570156249996 0.25967688125 0.48151760781249997 0.3154154953125 0.542997453125 0.2534704390625 0.4631118015625 0.1704821484375 0.3990157015625 0.22832284062500002 0.42551570156249996 0.25967688125
14 0.530016984375 0.1112089046875 0.4973992296875 0.1366807578125 0.46582447031249996 0.1718180546875 0.542997453125 0.2534704390625 0.5584714953125001 0.2448992828125 0.6084739921875 0.1956055859375 0.530016984375 0.1112089046875
15 0.5301616015625 0.107056215625 0.609950840625 0.192812965625 0.67266650625 0.1349964359375 0.595541728125 0.051959821875 0.5886395453125 0.052080631249999995 0.5301616015625 0.107056215625
16 0.64146905 0 0.5929254734375 0.04785545625 0.6728111234374999 0.130843746875 0.7355267890625 0.07302721718750001 0.6676987828125001 0 0.64146905 0
17 0.40762256875 0.57540201875 0.32497604375 0.49246205156249995 0.25930668125 0.5558638218749999 0.34328543749999996 0.6401638578125 0.40762256875 0.57540201875
45 0.69999914375 0.221671334375 0.779836590625 0.30604385624999997 0.845313128125 0.2481790015625 0.7655238890625 0.1624222515625 0.7072869765625 0.21047669062500002 0.69999914375 0.221671334375
44 0.3403799453125 0.64436486875 0.26059070625 0.5586081187499999 0.1964463984375 0.617833040625 0.27756786875 0.7049498562500001 0.3403799453125 0.64436486875
32 0.779788384375 0.307428084375 0.6972382703125 0.22171965937500002 0.63304575625 0.282328809375 0.7142154328125 0.368061396875 0.779788384375 0.307428084375
31 0.2760910203125 0.707742478125 0.19630178125 0.6219857296875 0.130680625 0.6840032703125 0.2118503015625 0.7697358578125 0.2760910203125 0.707742478125
11 0.41763180625 0.7633672875 0.41739077656249995 0.7702884359375 0.44660344687500003 0.802978384375 0.5012731203125 0.8573569296875 0.5641816078125 0.7940034828125 0.48039567656250004 0.7041665296875 0.41763180625 0.7633672875
12 0.5460650390625 0.6407647578125 0.48325296250000005 0.701349746875 0.4844405765625 0.706862503125 0.565610253125 0.792595090625 0.629754559375 0.7333701703125 0.6299955890625 0.7264490218749999 0.5460650390625 0.6407647578125
1 0.5488259140625 0.640716434375 0.6313278203125 0.7278090890625 0.696900771875 0.6671757781250001 0.6117826078124999 0.5759787578125 0.5490669421875001 0.6337952859375 0.5488259140625 0.640716434375
2 0.61321125 0.574570365625 0.6970453875 0.663023090625 0.7626183390625 0.6023897765624999 0.6788324078125 0.512552825 0.636214153125 0.5478834171875 0.61321125 0.574570365625
3 0.8283359078125001 0.5376037765625 0.744549975 0.447766825 0.67754838125 0.509808528125 0.76276295625 0.5982370890625 0.8283359078125001 0.5376037765625