0 0.05560502187500001 0.461052146875 0.049061545312499996 0.46971500156249996 0.0450863703125 0.5712015109374999 0.130166584375 0.56907610625 0.13552273125 0.464011815625 0.05560502187500001 0.461052146875
5 0.14239531562500002 0.46278611718749996 0.1372328078125 0.4678711921875 0.1332576328125 0.5693577015625 0.21695687656249998 0.5708100765624999 0.2179614625 0.4659666234375 0.14239531562500002 0.46278611718749996
6 0.22552453125 0.46295203437500004 0.218981053125 0.4716148890625 0.21890787500000003 0.56851875625 0.2989460421875 0.5684030765625 0.29856965625 0.4671374046875 0.22552453125 0.46295203437500004
7 0.305442240625 0.4659117046875 0.29913968125 0.4684238625 0.30134660625 0.5704735624999999 0.37955423593750004 0.5695738578125 0.3748262890625 0.4685290203125 0.305442240625 0.4659117046875
8 0.4576736796875 0.5550862984375 0.4485618984375 0.47092550156249996 0.37917785 0.468308184375 0.37584588124999996 0.47417728593749997 0.38195480000000004 0.57164434375 0.45581086875 0.5709654750000001 0.4576736796875 0.5550862984375
20 0.2403474640625 0.25875331562500004 0.236325009375 0.2664113078125 0.23673366875 0.351013778125 0.30920876875 0.35391269062499997 0.3083505421875 0.2649484125 0.2403474640625 0.25875331562500004
21 0.314532640625 0.265511603125 0.30823008281250003 0.2680237609375 0.31160933125 0.3559831765625 0.38156340625 0.3598869515625 0.3781841578125 0.2719275359375 0.314532640625 0.265511603125
22 0.3832262046875 0.269917809375 0.378754184375 0.27321399375 0.383514403125 0.357595628125 0.45277799375 0.36328829375 0.4468777234375 0.27633374375 0.3832262046875 0.269917809375
46 0.8272917703125 0.49555165 0.8202987265624999 0.49985270000000004 0.8360421718750001 0.58893849375 0.900504634375 0.5904901890625001 0.8829306515625 0.500620365625 0.8272917703125 0.49555165
47 0.8872822125000001 0.5003995296875 0.8846407296875001 0.504479740625 0.901765146875 0.5899877578125 0.9611855625000001 0.5935491765625 0.9429210953125 0.5054682453125 0.8872822125000001 0.5003995296875
48 1 0.5094336171875 0.94544211875 0.5044633828125 0.9624460734375001 0.5930467453125 1 0.5952975765625 1 0.5094336171875
49 0.5477982 0.31330452656249996 0.5442253125 0.3253243265625 0.5542684984374999 0.4015455375 0.6187309625 0.40309722968750006 0.60778864375 0.31815240624999996 0.5477982 0.31330452656249996
50 0.681242428125 0.4069402453125 0.6703001109375 0.32199542187499997 0.6121402046875 0.31793157031249997 0.6199914734374999 0.4025948 0.681242428125 0.4069402453125
51 0.67717269375 0.3207697234375 0.6708701359375 0.3232818796875 0.683193425 0.40464892499999994 0.7451348640625 0.4072054828125 0.7309810375 0.3250544109375 0.67717269375 0.3207697234375
37 0.5987691625 0.6592952828125 0.5885496031249999 0.555898365625 0.5216865765625001 0.5522761859374999 0.5165240718749999 0.5573612609375 0.5167327171875 0.567873765625 0.5267436296875 0.660758178125 0.5987691625 0.6592952828125
38 0.594731703125 0.55646155625 0.59025968125 0.559757740625 0.6018602125 0.659576878125 0.673195259375 0.659902871875 0.657933653125 0.5585156812500001 0.594731703125 0.55646155625
39 0.6648062375 0.5572899828125 0.65964373125 0.5623750578125 0.6744557703125 0.659400440625 0.74143925625 0.659947271875 0.727317703125 0.5611329984375 0.6648062375 0.5572899828125