18 0.559376953125 0.0895071703125 0.5599819453125 0.10249918437500001 0.5783903953125 0.1476057765625 0.65221764375 0.114490134375 0.6336394421875 0.0594281203125 0.559376953125 0.0895071703125
13 0.5325774953125 0.4068705515625 0.50688540625 0.42935721875 0.5375240484375 0.472080434375 0.6019240234375001 0.42581918906249994 0.5739076890625 0.37946353906249997 0.5325774953125 0.4068705515625
13 0.6156474390625 0.7583840328125 0.6232488703125 0.7544055671875001 0.65401581875 0.7146986078124999 0.5983966749999999 0.6687278437499999 0.5656232734375 0.7032072796875 0.560028296875 0.7124132703125 0.563956328125 0.7178906046875 0.6156474390625 0.7583840328125
19 0.755823909375 0.0961725578125 0.7205022203125 0.1611141109375 0.7673948171875 0.190057025 0.8068251500000001 0.11869625937499999 0.7656972828125 0.0905027796875 0.755823909375 0.0961725578125
21 0.7134840671875 0.22178853593749998 0.6891519921875 0.1441251140625 0.642672921875 0.1619227328125 0.634721125 0.1678423234375 0.6616755078125001 0.24187330937499998 0.675827275 0.2397397453125 0.7134840671875 0.22178853593749998
20 0.22620685156250003 0.47531491875 0.24868249687500002 0.42161670000000007 0.24475446562499997 0.41613936406249996 0.1623072625 0.393500925 0.150151090625 0.4227139859375 0.14140283125 0.4493900796875 0.14375965 0.45267647968749997 0.22620685156250003 0.47531491875
22 0.42762009218749997 0.6832797328125 0.42070853281250004 0.705227925 0.49284711875 0.730499553125 0.5168939765625 0.6789922671874999 0.4443201484375 0.6506840484375 0.42762009218749997 0.6832797328125
24 0.2662816390625 0.6891252531250001 0.25990105625000004 0.6972357765625 0.2814410703125 0.7685762078125 0.3386639984375 0.7511819890625 0.318525440625 0.6720770671875 0.2662816390625 0.6891252531250001
17 0.6285823296874999 0.3925314390625 0.67445640625 0.36174180625 0.6755074984375 0.3559184390625 0.636492678125 0.2942262515625 0.596648821875 0.31884648437499996 0.5886970265625 0.3247660734375 0.58921714375 0.33278037656250004 0.6285823296874999 0.3925314390625
15 0.5383402421875 0.5874134703125 0.53632293125 0.60403791875 0.543902646875 0.6437633953125 0.61841976875 0.6286174812499999 0.61364296875 0.5733630234375 0.5383402421875 0.5874134703125
25 0.4575925609375 0.484535790625 0.4121122796875 0.42597641406250003 0.39839575312500003 0.43114656875 0.363615896875 0.46039848125000005 0.4141601796875 0.5235895375 0.45426952500000006 0.49205047031250004 0.4575925609375 0.484535790625
0 0.4146211046875 0.1233352109375 0.4133045234375 0.136077415625 0.46133309218749996 0.16417467187499998 0.5049569421875 0.09137240625000001 0.4545715546875 0.059988748437499996 0.4146211046875 0.1233352109375
0 0.7852397171875001 0.3145572 0.7539112046875001 0.253864259375 0.7124961359374999 0.276293559375 0.704193975 0.284154271875 0.740236125 0.3514200140625 0.785409471875 0.324512625 0.7852397171875001 0.3145572
8 0.2399233796875 0.470144765625 0.228988053125 0.5034898828125 0.30654100781250004 0.5314520671875 0.33285980625 0.4782534703125 0.255221975 0.44531357343750005 0.2399233796875 0.470144765625
9 0.3827645359375 0.7738019125 0.3794938046875 0.8518502187499999 0.3837722 0.85538643125 0.43583539218749995 0.85023479375 0.43945648750000005 0.7702453640625 0.3827645359375 0.7738019125
10 0.390966059375 0.265286975 0.382748775 0.2781253984375 0.42142408906249995 0.31990673593749996 0.48408309687499995 0.2614991328125 0.44383657187500003 0.2175268609375 0.390966059375 0.265286975
11 0.438143875 0.4234005953125 0.445044578125 0.423304375 0.4796546796875 0.3840970375 0.47799859062500005 0.376928390625 0.42386578437500005 0.32817085 0.41696508125 0.3282670703125 0.38497728593749997 0.36384197500000004 0.3836607046875 0.3765841765625 0.438143875 0.4234005953125
48 0.1852684703125 0.5931664078125001 0.251642325 0.6176885999999999 0.26430775781250004 0.6183418140625 0.2871337671875 0.562702471875 0.2153455453125 0.535489721875 0.2095808140625 0.5347402875 0.2035505953125 0.5409096875 0.184313109375 0.582115515625 0.1852684703125 0.5931664078125001
47 0.40095688125000006 0.1990389953125 0.3977295796875 0.1896794140625 0.340103984375 0.1384811265625 0.3328529171875 0.1405184703125 0.31065361875 0.16544588437500002 0.297191721875 0.185549175 0.3625885015625 0.2427244203125 0.40095688125000006 0.1990389953125
49 0.33483368750000003 0.549036909375 0.3319458921875 0.5595881781250001 0.3374125640625 0.6328123609375 0.39480524375 0.6253735687499999 0.392661609375 0.5446347046875 0.33483368750000003 0.549036909375
42 0.5969685984375 0.202667790625 0.537856665625 0.15425628281249998 0.5283336578125 0.1579849375 0.4987875578125 0.20182395468749997 0.5559779109375 0.2499856515625 0.5636642203125 0.25098489687500003 0.5969685984375 0.202667790625
44 0.5281402046875 0.3715269421875 0.576477690625 0.305297478125 0.5364009203125 0.27128063125 0.5291498531250001 0.273317975 0.5137663781249999 0.2931714546875 0.4849210078125 0.3331282265625 0.4835195484375 0.34089271718749997 0.5281402046875 0.3715269421875
34 0.6595496187500001 0.47701747499999997 0.6116059265625 0.4538979296875 0.5777705734375 0.51605270625 0.5744475375 0.5235673828125 0.5783755687500001 0.52904471875 0.622040865625 0.5486280531250001 0.6595496187500001 0.47701747499999997
36 0.7236406765625001 0.5250829515625 0.68059123125 0.4966396609375 0.6397703 0.5539129453125 0.6364472640625001 0.561427625 0.64037529375 0.5669049609375 0.6791463421875 0.5918120375 0.7236406765625001 0.5250829515625
37 0.7518790671875 0.6519276515625 0.7062073171875001 0.6271167953125001 0.6744741515625 0.677624834375 0.6685288093749999 0.688771946875 0.669834534375 0.6978817171875 0.7112278890625 0.7191563609375 0.7518790671875 0.6519276515625
31 0.52831883125 0.5394238812500001 0.47775283281250003 0.51993676875 0.45440670625 0.567561809375 0.4444375984375 0.590105846875 0.4460936875 0.59727449375 0.49395250312499994 0.6154163265625 0.52831883125 0.5394238812500001
26 0.6509296671875 0.42126339375 0.7064639328125 0.46225644531250004 0.74063879375 0.42001251875 0.7354899140625 0.4104031265625 0.685370015625 0.3721006328125 0.6754966421875 0.377770409375 0.6548685546875 0.4048887578125 0.6492735781250001 0.41409474687500003 0.6509296671875 0.42126339375