20 0.7138671875 0.419921875 0.806640625 0.3681640625 0.7255859375 0.23828125 0.630859375 0.2861328125 0.630859375 0.2998046875 0.697265625 0.4111328125 0.7060546875 0.41796875 0.7138671875 0.419921875
21 0.2900390625 0.712890625 0.44140625 0.6416015625 0.3935546875 0.5390625 0.2490234375 0.6015625 0.244140625 0.6064453125 0.24609375 0.6162109375 0.28125 0.7021484375 0.2900390625 0.712890625
35 0.5703125 0.4775390625 0.4873046875 0.408203125 0.380859375 0.5185546875 0.380859375 0.5263671875 0.4619140625 0.599609375 0.5703125 0.4853515625 0.5703125 0.4775390625
37 0.84375 0.7216796875 0.7783203125 0.619140625 0.7607421875 0.625 0.6396484375 0.6953125 0.6328125 0.7041015625 0.677734375 0.7841796875 0.6962890625 0.80859375 0.84375 0.7216796875
38 0.544921875 0.3271484375 0.552734375 0.3115234375 0.4755859375 0.248046875 0.4677734375 0.248046875 0.38671875 0.3349609375 0.369140625 0.3544921875 0.37109375 0.3662109375 0.4521484375 0.4296875 0.544921875 0.3271484375
8 0.669921875 0.3544921875 0.5869140625 0.287109375 0.48828125 0.3876953125 0.482421875 0.4013671875 0.5654296875 0.470703125 0.669921875 0.3623046875 0.669921875 0.3544921875
9 0.3798828125 0.4921875 0.38671875 0.4794921875 0.3359375 0.4150390625 0.3154296875 0.3984375 0.1953125 0.4912109375 0.19921875 0.5068359375 0.24609375 0.5673828125 0.2626953125 0.58203125 0.3798828125 0.4921875
11 0.494140625 0.6689453125 0.4814453125 0.640625 0.373046875 0.6767578125 0.376953125 0.7021484375 0.4208984375 0.841796875 0.53515625 0.8056640625 0.494140625 0.6689453125
3 0.7509765625 0.55859375 0.76171875 0.5556640625 0.796875 0.4580078125 0.7919921875 0.44921875 0.6435546875 0.396484375 0.62109375 0.4443359375 0.6015625 0.4951171875 0.6025390625 0.501953125 0.7158203125 0.546875 0.7509765625 0.55859375
47 0.724609375 0.5556640625 0.6923828125 0.5390625 0.5712890625 0.4921875 0.529296875 0.5849609375 0.52734375 0.5966796875 0.5322265625 0.6015625 0.6826171875 0.662109375 0.724609375 0.5556640625
51 0.611328125 0.6396484375 0.6044921875 0.630859375 0.49609375 0.6669921875 0.515625 0.7392578125 0.5498046875 0.833984375 0.6640625 0.7958984375 0.611328125 0.6396484375