0 0.806640625 0.6455078125 0.7568359375 0.6328125 0.7421875 0.6806640625 0.73828125 0.6982421875 0.7412109375 0.705078125 0.7880859375 0.716796875 0.806640625 0.6455078125
7 0.470703125 0.6005859375 0.4619140625 0.587890625 0.4208984375 0.603515625 0.41796875 0.6142578125 0.4443359375 0.67578125 0.490234375 0.6572265625 0.470703125 0.6005859375
5 0.65625 0.3330078125 0.662109375 0.3193359375 0.6279296875 0.291015625 0.6220703125 0.291015625 0.580078125 0.3408203125 0.5810546875 0.3515625 0.6123046875 0.376953125 0.6181640625 0.376953125 0.65625 0.3330078125
4 0.6474609375 0.435546875 0.6416015625 0.435546875 0.63671875 0.4462890625 0.625 0.4814453125 0.6943359375 0.5078125 0.712890625 0.4599609375 0.6474609375 0.435546875
18 0.294921875 0.3642578125 0.2900390625 0.361328125 0.2236328125 0.3828125 0.22265625 0.3896484375 0.2392578125 0.431640625 0.30859375 0.4091796875 0.294921875 0.3642578125
20 0.3427734375 0.677734375 0.330078125 0.6923828125 0.31640625 0.7255859375 0.3818359375 0.7578125 0.404296875 0.7119140625 0.3427734375 0.677734375
22 0.5849609375 0.615234375 0.580078125 0.6201171875 0.5625 0.6630859375 0.6298828125 0.6953125 0.650390625 0.6494140625 0.5849609375 0.615234375
23 0.2138671875 0.498046875 0.19921875 0.5224609375 0.181640625 0.5634765625 0.2255859375 0.5859375 0.259765625 0.5205078125 0.2138671875 0.498046875
14 0.3837890625 0.40234375 0.3857421875 0.455078125 0.45703125 0.4521484375 0.4541015625 0.40234375 0.3837890625 0.40234375
15 0.7294921875 0.552734375 0.6650390625 0.58203125 0.662109375 0.5888671875 0.6845703125 0.630859375 0.751953125 0.5986328125 0.7294921875 0.552734375
16 0.7333984375 0.44921875 0.701171875 0.4970703125 0.6953125 0.5126953125 0.7392578125 0.537109375 0.77734375 0.4755859375 0.7333984375 0.44921875
17 0.390625 0.5849609375 0.3876953125 0.578125 0.3291015625 0.546875 0.3203125 0.5537109375 0.30859375 0.5751953125 0.30078125 0.5908203125 0.3037109375 0.59375 0.3642578125 0.626953125 0.390625 0.5849609375
34 0.34375 0.4619140625 0.3388671875 0.455078125 0.2724609375 0.470703125 0.26953125 0.4794921875 0.2822265625 0.521484375 0.3515625 0.5048828125 0.34375 0.4619140625
31 0.4990234375 0.421875 0.4892578125 0.421875 0.486328125 0.4287109375 0.474609375 0.4912109375 0.5244140625 0.501953125 0.5390625 0.4326171875 0.4990234375 0.421875
44 0.4521484375 0.513671875 0.44921875 0.5869140625 0.4990234375 0.587890625 0.501953125 0.5166015625 0.4521484375 0.513671875