18 0.681640625 0.4521484375 0.6259765625 0.37109375 0.5654296875 0.3984375 0.560546875 0.4033203125 0.5625 0.4091796875 0.6181640625 0.48828125 0.681640625 0.4521484375
24 0.494140625 0.3662109375 0.4443359375 0.2890625 0.3837890625 0.314453125 0.380859375 0.3193359375 0.388671875 0.3349609375 0.4287109375 0.3984375 0.494140625 0.3662109375
25 0.5068359375 0.26171875 0.4931640625 0.263671875 0.4482421875 0.28515625 0.447265625 0.2919921875 0.4951171875 0.3671875 0.5546875 0.3349609375 0.5068359375 0.26171875
14 0.607421875 0.2900390625 0.5654296875 0.234375 0.5087890625 0.2578125 0.5078125 0.2626953125 0.5576171875 0.3359375 0.615234375 0.3076171875 0.607421875 0.2900390625
15 0.673828125 0.2783203125 0.669921875 0.2666015625 0.6220703125 0.208984375 0.5712890625 0.228515625 0.56640625 0.2333984375 0.568359375 0.2373046875 0.6181640625 0.3046875 0.673828125 0.2783203125
16 0.6767578125 0.181640625 0.6240234375 0.203125 0.626953125 0.2138671875 0.6748046875 0.275390625 0.73046875 0.2490234375 0.6767578125 0.181640625
17 0.380859375 0.5537109375 0.3291015625 0.46484375 0.3212890625 0.46484375 0.2607421875 0.498046875 0.255859375 0.5029296875 0.2578125 0.5068359375 0.3095703125 0.59375 0.380859375 0.5537109375
44 0.306640625 0.5966796875 0.2568359375 0.50390625 0.2490234375 0.50390625 0.1845703125 0.5390625 0.18359375 0.5458984375 0.2314453125 0.63671875 0.2568359375 0.626953125 0.306640625 0.5966796875
45 0.802734375 0.3837890625 0.7431640625 0.310546875 0.6884765625 0.337890625 0.689453125 0.3447265625 0.7451171875 0.41796875 0.802734375 0.3896484375 0.802734375 0.3837890625
32 0.6865234375 0.33984375 0.6279296875 0.3671875 0.626953125 0.3740234375 0.6826171875 0.451171875 0.744140625 0.4189453125 0.6865234375 0.33984375
31 0.1787109375 0.541015625 0.1083984375 0.578125 0.107421875 0.5908203125 0.1513671875 0.681640625 0.23046875 0.6396484375 0.1787109375 0.541015625
11 0.4208984375 0.685546875 0.3486328125 0.724609375 0.34375 0.7333984375 0.4013671875 0.84375 0.478515625 0.7978515625 0.4208984375 0.685546875
12 0.4951171875 0.642578125 0.4228515625 0.681640625 0.423828125 0.6923828125 0.4814453125 0.794921875 0.556640625 0.7490234375 0.4951171875 0.642578125
1 0.62890625 0.7021484375 0.5654296875 0.599609375 0.5009765625 0.634765625 0.49609375 0.6396484375 0.498046875 0.6474609375 0.5576171875 0.74609375 0.62890625 0.7021484375
2 0.69921875 0.6572265625 0.6337890625 0.560546875 0.5712890625 0.59375 0.56640625 0.5986328125 0.5703125 0.6064453125 0.6298828125 0.69921875 0.69921875 0.6572265625
3 0.7001953125 0.521484375 0.6376953125 0.552734375 0.634765625 0.5615234375 0.7001953125 0.654296875 0.765625 0.6162109375 0.7001953125 0.521484375