45 0.3630083859375 0.1086034625 0.347092853125 0.12303315781249999 0.305455425 0.1812326203125 0.3668855671875 0.218694978125 0.4202953265625 0.146234640625 0.3630083859375 0.1086034625
46 0.42298508281249997 0.1475031609375 0.3950800828125 0.18033693281250002 0.3694305671875 0.22272563281250002 0.4310054671875 0.257425853125 0.47903571093749997 0.18242847812500002 0.42298508281249997 0.1475031609375
47 0.491054540625 0.294944484375 0.5376313390624999 0.2213844515625 0.48310653593749997 0.1836407234375 0.43224177656249996 0.260131715625 0.491054540625 0.294944484375
48 0.5431556109375 0.2211593546875 0.5361055140625 0.22420286093750003 0.4937442984375 0.296213003125 0.5525570625 0.331025771875 0.5937543468750001 0.2549287015625 0.5431556109375 0.2211593546875
41 0 0.47080284062500005 0.0223287171875 0.48217408281249996 0.035192601562499995 0.47338120625 0.10902299374999999 0.3794170140625 0.10255192500000002 0.3714119765625 0.03552513125 0.3355557859375 0.0286197921875 0.33583715625 0.0198991125 0.3444612078125 0 0.36749102968749997 0 0.47080284062500005
42 0.11592833281249999 0.3791356421875 0.1075695453125 0.3808543546875 0.029161679687499997 0.48327377812499994 0.11239939218749999 0.5253600203125 0.1868811921875 0.4189662140625 0.11592833281249999 0.3791356421875
43 0.26285167343750004 0.4682391671875 0.2646670140625 0.4598964859375 0.1923330859375 0.4201221859375 0.17779861875 0.43449560781249996 0.11378046093750001 0.5253037453125 0.1942560390625 0.5675025359375 0.26285167343750004 0.4682391671875
39 0.325109253125 0.3058405921875 0.3135540578125 0.31595826250000003 0.259854784375 0.39394287031249997 0.330735265625 0.4351545109375 0.389229153125 0.34457146875 0.325109253125 0.3058405921875
28 0.3989259921875 0.47509763125 0.453349053125 0.3833023453125 0.3946086671875 0.34710850781249997 0.38610512343750003 0.35158935625 0.3741880359375 0.368612365625 0.3319715765625 0.437860371875 0.3989259921875 0.47509763125
29 0.46871491875000004 0.510841275 0.5176137093750001 0.41927108437499994 0.4574198765625 0.3845145890625 0.4030691953125 0.474928809375 0.46871491875000004 0.510841275
30 0.540102053125 0.542385440625 0.578971471875 0.4581145109375 0.5202310890625 0.421920671875 0.468642540625 0.51222234375 0.47111516093750005 0.5176340671874999 0.5328348187499999 0.5495721515625 0.540102053125 0.542385440625
5 0.698551225 0.4904512125 0.7260825890625 0.4121547484375 0.6753390953125 0.3811475375 0.6637839015625 0.39126520781249996 0.63377991875 0.4641499484375 0.6912839921875 0.497637925 0.698551225 0.4904512125
6 0.73000865625 0.41612912812499997 0.692520303125 0.5003437859375001 0.7447172421875 0.5299136546875001 0.75162258125 0.529632284375 0.779443459375 0.4458115453125 0.73000865625 0.41612912812499997
7 0.8078903453124999 0.5604143968749999 0.8329490875 0.47670620937499997 0.783514284375 0.44702379218750005 0.7792263234375 0.44995475 0.751550203125 0.5310133515625 0.7969141828125 0.5594835234375 0.8078903453124999 0.5604143968749999
19 0.5458728234375 0.668937221875 0.53460714375 0.67353061875 0.4874571890625 0.7843232125 0.56008063125 0.818573240625 0.6073753453124999 0.7050185109375 0.5458728234375 0.668937221875
20 0.6128996171875001 0.7047934140625001 0.607302965625 0.7063995796875 0.5627703875 0.8198417593749999 0.628560871875 0.8529920890625 0.6730934484375 0.739549909375 0.6128996171875001 0.7047934140625001
21 0.699803246875 0.887298390625 0.7361941734374999 0.7714317203125 0.675855584375 0.7394373609375 0.668371215625 0.7507672750000001 0.6325593171875 0.855585403125 0.682138878125 0.882505684375 0.699803246875 0.887298390625