22 0.34373951406250003 0.6568495609375 0.267694428125 0.686605446875 0.26823111875 0.6940417703125 0.317655178125 0.7962916140625 0.391963765625 0.76734055625 0.3814953765625 0.7359628218750001 0.34373951406250003 0.6568495609375
23 0.469208659375 0.7293435171875 0.4192479109375 0.61965735 0.3428419609375 0.6550698234375 0.394061128125 0.760879140625 0.469208659375 0.7293435171875
14 0.2146985828125 0.5135518453125 0.1638988859375 0.40645024375 0.0918634875 0.44203279531249995 0.1412875484375 0.544282640625 0.2146985828125 0.5135518453125
15 0.29026558593749996 0.4807239375 0.2394658921875 0.37362233749999996 0.1665329390625 0.407425153125 0.216854553125 0.5114547328125 0.29026558593749996 0.4807239375
16 0.24251941562499998 0.3733049625 0.29152400312500004 0.4768470890625 0.2981091359375 0.47928435937499997 0.3658325890625 0.4478960296875 0.3159304484375 0.3425741671875 0.24251941562499998 0.3733049625
17 0.31629131250000003 0.33691758125 0.366193453125 0.44223944375 0.372778584375 0.444676715625 0.44050204062500004 0.4132883875 0.38706829374999996 0.305211878125 0.31629131250000003 0.33691758125
25 0.95580174375 0.66191115625 0.902367996875 0.5538346468750001 0.828956965625 0.5845654421875001 0.8806542140625 0.6934467796875 0.95580174375 0.66191115625
18 0.6469293953124999 0.23637172031250003 0.597924809375 0.13282959375 0.525352721875 0.16097582187499998 0.576152415625 0.26807742343749996 0.6469293953124999 0.23637172031250003
45 0.5730988921875 0.2683947984375 0.5231967515625 0.16307293437499998 0.4493662453125 0.1950960125 0.4996878578125 0.29912559375000003 0.5730988921875 0.2683947984375
5 0.7207599015625 0.20434864218749998 0.6691212625 0.0998316078125 0.599183228125 0.12895274375000002 0.64908536875 0.23427460937500003 0.7207599015625 0.20434864218749998
6 0.582145578125 0.4541328 0.6324671921875 0.5581623812500001 0.7076147234375 0.5266267578125 0.6577125828125 0.42130489375 0.6354989609375 0.4261110828125 0.582145578125 0.4541328
12 0.6774620921875 0.6558778421875 0.728681259375 0.7616871609375 0.735266390625 0.76412443125 0.80472634375 0.7319312734375 0.7521315421875 0.6212701984375 0.6774620921875 0.6558778421875
46 0.6312087749999999 0.5620392296875 0.5804090796875 0.45493762968749996 0.507476128125 0.4887404453125 0.559534240625 0.5919651984375001 0.6312087749999999 0.5620392296875
26 0.6577125828125 0.42130489375 0.7080341953125 0.525334475 0.7831817265625001 0.49379885 0.7332795859375 0.3884769875 0.6919644796875 0.40213629375000004 0.6577125828125 0.42130489375
33 0.8579097875 0.463555509375 0.8071100921875001 0.3564539078125 0.733699059375 0.38718470312500003 0.786235253125 0.493481475 0.8579097875 0.463555509375
52 0.88029335 0.6991033671875 0.827698546875 0.5884422921875 0.753868040625 0.6204653703125 0.806882315625 0.7298341609375 0.88029335 0.6991033671875