45 0.3274611453125 0.27409591093749996 0.344301425 0.1605540109375 0.262724990625 0.15048180312499998 0.24890779218749998 0.2633392359375 0.3274611453125 0.27409591093749996
46 0.344301425 0.1605540109375 0.33068888125 0.271462290625 0.33504516406249996 0.2768186875 0.410984746875 0.284361525 0.4258778578125 0.17062621875 0.344301425 0.1605540109375
47 0.4927658359375 0.2924845796875 0.507863603125 0.176800121875 0.42931025 0.166043446875 0.41421248437499997 0.28172790625 0.4927658359375 0.2924845796875
48 0.5100154265625 0.17504437343749998 0.495993571875 0.289850959375 0.574546925 0.30060763437500004 0.5836102875 0.26113352500000003 0.5915918609374999 0.18511658125 0.5100154265625 0.17504437343749998
5 0.8085288609375001 0.41444440312499997 0.821270146875 0.30246484375 0.7375418890625001 0.2941483828125 0.725876515625 0.40525006875 0.8085288609375001 0.41444440312499997
6 0.822550715625 0.2996378171875 0.8115519421874999 0.41375993749999995 0.8903099484375 0.4225674578125 0.8959935546875 0.39654401093749997 0.901308721875 0.308445340625 0.822550715625 0.2996378171875
7 0.9742428625 0.4289347671875 0.9832944671874999 0.3146192421875 0.9043318031249999 0.3077608734375 0.8935376859374999 0.4199338390625 0.9742428625 0.4289347671875
39 0.35392052343749997 0.396862328125 0.3344488359375 0.39492826718749996 0.329069275 0.399317634375 0.3171992453125 0.512368471875 0.39790442187499997 0.5213694 0.4147447015625 0.40782749999999995 0.35392052343749997 0.396862328125
28 0.4147447015625 0.40782749999999995 0.400927503125 0.5206849328125001 0.4816326796875 0.5296858609374999 0.49632113437500003 0.41789970781249997 0.46470448906249995 0.409835628125 0.4147447015625 0.40782749999999995
29 0.56341376875 0.5378089171875 0.5783068796874999 0.42407361093749996 0.49652579062499996 0.41595055625 0.4846557609375 0.52900139375 0.56341376875 0.5378089171875
30 0.6469373703125 0.5480745296875 0.66008796875 0.4321966640625 0.581329959375 0.42338914375 0.56643685 0.5371244484375 0.6469373703125 0.5480745296875
19 0.7003471890624999 0.6577620078125 0.694967628125 0.6621513734375 0.6850447671875 0.7753956171875 0.7655452859375 0.7863456984375 0.7808477093749999 0.6687120875 0.7003471890624999 0.6577620078125
20 0.85142536875 0.7929064140625 0.8628334546875 0.6748859890625 0.782128278125 0.6658850609375 0.7689776796875 0.7817629265625 0.85142536875 0.7929064140625
21 0.865856534375 0.6742015234375 0.8544484499999999 0.7922219453125 0.9351536265625 0.8012228734375 0.94809956875 0.6872941609375001 0.9437432859375001 0.6819377671875 0.865856534375 0.6742015234375
41 0.1025078578125 0.552097746875 0.0886906609375 0.6649551796875001 0.0949941109375 0.67050498125 0.16919118125 0.675905259375 0.184288946875 0.5602208015625 0.1025078578125 0.552097746875
42 0.2529194390625 0.684221721875 0.2682218609375 0.5665881109375001 0.1862361171875 0.5604142078125001 0.17416143125 0.6754142 0.2529194390625 0.684221721875
43 0.338799521875 0.6907824359375 0.35410194375000004 0.573148825 0.2733967671875 0.564147896875 0.2680172046875 0.5685372625 0.25635183125 0.67963895 0.2607081140625 0.6849953453125 0.338799521875 0.6907824359375