27 0.1836952125 0.34039652187499997 0.164793615625 0.41053563437499996 0.165645015625 0.4284737484375 0.240986728125 0.4456702015625 0.2552858140625 0.35885395625 0.1836952125 0.34039652187499997
29 0.3934798703125 0.625249328125 0.3911786140625 0.616910759375 0.3164288375 0.6010340140625 0.312019290625 0.6040350265625001 0.29797966875 0.7074696796875 0.37950674375000004 0.725624240625 0.3934798703125 0.625249328125
36 0.5572980640625 0.48361446875 0.553413959375 0.490994928125 0.555961640625 0.5736666390625 0.620249496875 0.585466809375 0.617176375 0.4984156515625 0.5572980640625 0.48361446875
30 0.875891096875 0.6164694078124999 0.8894261374999999 0.707597140625 0.9437775203125 0.7197001828125 0.9500293781250001 0.7175985515625001 0.9320847890625 0.6294718296874999 0.875891096875 0.6164694078124999
35 0.675258009375 0.310315878125 0.6720323390625 0.31595630468749997 0.6780051765625 0.38380836875 0.731764621875 0.394591703125 0.7257917859374999 0.3267396375 0.675258009375 0.310315878125
34 0.7879583140624999 0.407594125 0.78014316875 0.338842678125 0.7307932703125 0.32505833281249996 0.726909165625 0.3324387921875 0.73301499375 0.3941713765625 0.77986415 0.4087963765625 0.7879583140624999 0.407594125
33 0.6762293625 0.379849246875 0.6709149578125 0.31025715 0.620381184375 0.293833390625 0.6139963374999999 0.30205450312500004 0.6169429890625 0.36636777187499997 0.668135196875 0.3810514984375 0.6762293625 0.379849246875
13 0.3157365046875 0.461546946875 0.3256925375 0.3746719734375 0.259628865625 0.3589126828125 0.25521931875 0.3619136953125 0.24191114218749998 0.43169120781250003 0.244079409375 0.44614925625 0.3157365046875 0.461546946875
40 0.389827846875 0.4791637265625 0.396624703125 0.3948694390625 0.32937715624999997 0.376470734375 0.31817075156249996 0.46376603593750004 0.389827846875 0.4791637265625
42 0.296729296875 0.7078900078125 0.3120857859375 0.6009752859375 0.233651390625 0.5832997796875 0.21270147968750003 0.6905760984375 0.296729296875 0.7078900078125
43 0.8153543531249999 0.603408259375 0.8282309609375 0.6962760265625 0.886991890625 0.7053780546875 0.888441746875 0.6957785078125001 0.872206478125 0.614670646875 0.8153543531249999 0.603408259375
41 0.6451578328124999 0.7244068625 0.6382475421875 0.7282485265624999 0.6446063125 0.835456884375 0.717580275 0.8473745109375 0.70937919375 0.7392667703125 0.6451578328124999 0.7244068625
52 0.569749621875 0.7102701484375 0.5645486515625 0.721130675 0.5678812375 0.824800240625 0.643355940625 0.8358772125 0.636471728125 0.7242894062499999 0.569749621875 0.7102701484375
51 0.49434141406250004 0.6961334359375 0.48795656718749997 0.7043545484375 0.4856292328125 0.8114454515625 0.56478855625 0.824321184375 0.562905828125 0.7110520734375 0.49434141406250004 0.6961334359375
26 0.6227033015625 0.5011137921875 0.6188191984375 0.5084942531250001 0.6226837453125 0.587685896875 0.6881554796875 0.60212548125 0.6825816140625001 0.515914975 0.6227033015625 0.5011137921875
26 0.49751884375 0.32146670781250003 0.4940402296875 0.281631359375 0.4378465375 0.2686289375 0.43330399999999997 0.2777494296875 0.4319076 0.342003971875 0.4948785921875 0.3572842078125 0.49751884375 0.32146670781250003
10 0.3742836078125 0.25202899375 0.368949646875 0.269009 0.3676862359375 0.3271440625 0.43131566093749996 0.340684265625 0.432319609375 0.26593079531249997 0.3742836078125 0.25202899375
9 0.5535273921874999 0.571447553125 0.5529550125 0.4835557421875 0.4887336484375 0.46869583125 0.485554915625 0.5578486218750001 0.5535273921874999 0.571447553125
2 0.1496235734375 0.5659858718749999 0.12393815781249999 0.6627045359375 0.12492254843749999 0.67452316875 0.2114511078125 0.690996425 0.2293083390625 0.5832410515625 0.1496235734375 0.5659858718749999
23 0.30887836874999997 0.23452966874999998 0.29695355625 0.2977673765625 0.29978025625 0.31048539062499997 0.36525199062499997 0.324924975 0.36875667968750003 0.24933085156249998 0.30887836874999997 0.23452966874999998
16 0.75363373125 0.5877076953125 0.747774328125 0.6003082546875 0.759666546875 0.6813573875000001 0.8246128359375 0.6914175250000001 0.81351204375 0.602508878125 0.75363373125 0.5877076953125