27 0.08661469375 0.432202734375 0.06476937968749999 0.4528771890625 0.0986670234375 0.500537503125 0.17722612499999998 0.44300869687500005 0.1432000578125 0.393988396875 0.08661469375 0.432202734375
32 0.2086292734375 0.49390129375 0.17486005625 0.44760096718750003 0.15099695 0.46173163749999996 0.098795446875 0.501897490625 0.1011985140625 0.512521240625 0.1330783625 0.55363776875 0.2086292734375 0.49390129375
33 0.2175254234375 0.49916431406250006 0.2130131359375 0.4958528109375 0.2036402875 0.50036585625 0.13471088281250002 0.5561015921875 0.1714882921875 0.6046095859375 0.2485432984375 0.545976946875 0.2175254234375 0.49916431406250006
34 0.36264999375 0.49428420937500006 0.3562853375 0.5010049249999999 0.3548008078125 0.5594051796875 0.44275232343750004 0.5568674203125 0.4479785921875 0.493618740625 0.36264999375 0.49428420937500006
35 0.4411393671875 0.6139076875 0.44288074687499995 0.5582274078125 0.36331168125 0.5605882390625 0.3511874921875 0.5656135921875001 0.348455715625 0.6256299890625 0.43640723125 0.6230922265625 0.4411393671875 0.6139076875
36 0.43679250312500006 0.627172190625 0.4322802171875 0.6238606859375 0.3514639046875 0.6278376578125 0.3438520015625 0.6361745156249999 0.342367471875 0.6945747703125 0.43156623437499997 0.69042086875 0.43679250312500006 0.627172190625
37 0.43197107343749996 0.7540049234375 0.433198753125 0.692884690625 0.3481270046875 0.696270134375 0.3405151015625 0.7046069921875 0.339030571875 0.763007246875 0.42822933281250003 0.758853346875 0.43197107343749996 0.7540049234375
38 0.4320080703125 0.7692209437499999 0.4268536625 0.7591095 0.3432860078125 0.7635987765625 0.33692135156249997 0.77031949375 0.3356936703125 0.8314397250000001 0.4288910203125 0.8251573765625 0.4320080703125 0.7692209437499999
5 0.1890326359375 0.1529589359375 0.1774221453125 0.163424240625 0.199067171875 0.21474991875 0.2836796546875 0.1768524734375 0.26040210625000004 0.123062971875 0.1890326359375 0.1529589359375
6 0.2716838875 0.1832378140625 0.196701103125 0.21934218906249997 0.21722730937499998 0.273643996875 0.3003356953125 0.234642715625 0.2800663375 0.1830608828125 0.2716838875 0.1832378140625
7 0.24089013124999997 0.3315134609375 0.3199999265625 0.29464062812499997 0.3024819125 0.24254648906249998 0.2979696265625 0.23923498593749998 0.2790955046875 0.24690109062499999 0.2176125828125 0.277723959375 0.2313518609375 0.3194505015625 0.24089013124999997 0.3315134609375
8 0.24901573125 0.3286165546875 0.237405240625 0.33908186093750003 0.25930711562500003 0.3931275140625 0.34516684375 0.35361392812500003 0.321632446875 0.29710445 0.24901573125 0.3286165546875
12 0.4945077234375 0.2303171671875 0.4894991703125 0.1772776421875 0.436966825 0.18429147968749998 0.4000805578125 0.19392758593749998 0.40534595781249994 0.24968708906249998 0.49102283125 0.23788556718749998 0.4945077234375 0.2303171671875
1 0.4969303546875 0.300445009375 0.49390259687500004 0.23873324999999998 0.48139313437500003 0.2396786375 0.40848257187500003 0.253254746875 0.406538775 0.27714300000000003 0.411510328125 0.3149665078125 0.4969303546875 0.300445009375
2 0.41576576562499995 0.3155580359375 0.4118956015625 0.3190464703125 0.4204260421875 0.3797336203125 0.5058460671875 0.365212121875 0.4985628734375 0.3029088328125 0.41576576562499995 0.3155580359375
4 0.716656703125 0.4629648875 0.722673084375 0.46738022656249995 0.8040205265625 0.4245551359375 0.779238884375 0.3696617984375 0.71087760625 0.401765434375 0.698881840625 0.408150775 0.6967726203125 0.41546301874999997 0.716656703125 0.4629648875
31 0.7883548828125 0.362428778125 0.765077334375 0.308639275 0.6952119625 0.339639075 0.683216196875 0.3460244140625 0.6811069765625 0.353336659375 0.7055033468749999 0.4041500328125 0.7883548828125 0.362428778125
44 0.774193334375 0.301406253125 0.752163034375 0.246000609375 0.6810504125 0.27861655 0.6730532359375 0.28287344375 0.66969676875 0.2918018296875 0.69258904375 0.34151136875 0.774193334375 0.301406253125
17 0.733269346875 0.1941626265625 0.7272529671875 0.1897472859375 0.6641375218750001 0.21810633125 0.646895921875 0.2282362609375 0.6689262234375 0.28364190312500004 0.752034609375 0.244640621875 0.733269346875 0.1941626265625
24 0.40169922968750005 0 0.410807378125 0.025862134375 0.474934734375 0 0.40169922968750005 0