19 0.2093205796875 0.42949040156249996 0.21338500468750002 0.434781003125 0.2964492296875 0.4421018390625 0.30234938906250003 0.43571650625 0.31745516875 0.314724675 0.3056638375 0.30875306406249997 0.2280888375 0.303888975 0.22075489531249998 0.3318504390625 0.2093205796875 0.42949040156249996
16 0.38917208593749997 0.450273934375 0.4104839796875 0.3209507828125 0.318879965625 0.3118908171875 0.301737478125 0.43960848593749996 0.38917208593749997 0.450273934375
17 0.41241570625 0.3211210328125 0.3944603328125 0.44778058125 0.47996321406250003 0.458275778125 0.48708719531250005 0.44410648906250005 0.5032068359374999 0.3291228765625 0.41241570625 0.3211210328125
7 0.5672597546875 0.332795203125 0.5451349734375001 0.4610602359375 0.6367389890624999 0.47012020000000004 0.6616083796875001 0.343083540625 0.6556122281250001 0.3376226859375 0.5672597546875 0.332795203125
12 0.7588065984375 0.3477041609375 0.667202584375 0.33864419687499997 0.6585488265625 0.3625434328125 0.6400955109375001 0.46745659375 0.6441599375 0.472747196875 0.733325296875 0.4786328 0.7588065984375 0.3477041609375
3 0.8570186765625 0.358333003125 0.84136389375 0.3520208875 0.7607383249999999 0.34787441406249997 0.7363758640625 0.4779151828125 0.8257421953125 0.488750884375 0.8319483109375 0.4804195625 0.8570186765625 0.358333003125
34 0.1879666109375 0.4345137171875 0.17849098125 0.47609710468750005 0.170824121875 0.562231384375 0.2604964109375 0.5711210953125 0.27926466875 0.4455196703125 0.1879666109375 0.4345137171875
37 0.3571877 0.57273760625 0.37391925000000004 0.4538620171875 0.28262119218750004 0.4428560640625 0.274063428125 0.47860148437500005 0.263546978125 0.5704034796874999 0.3509815859375 0.5810689296875 0.3571877 0.57273760625
40 0.45529479687499996 0.5902625359375 0.47853841875 0.4611096359375 0.3869344046875 0.45204967187499995 0.36786019062499997 0.5795970875 0.45529479687499996 0.5902625359375
46 0.5499493796875 0.5986048828125 0.571261275 0.46928173125 0.4815889859375 0.46039201875 0.460277090625 0.589715171875 0.5499493796875 0.5986048828125
49 0.6636152656250001 0.610595740625 0.6890965687499999 0.4796671015625 0.5944419875 0.4713247546875 0.5723172078125 0.5995897875 0.6636152656250001 0.610595740625
52 0.799204959375 0.489371465625 0.742677971875 0.4814300484375 0.702312696875 0.48280485625 0.680493871875 0.6091238984375 0.77179193125 0.6201298515625 0.7804456890625 0.5962306171875 0.799204959375 0.489371465625
41 0.8664465124999999 0.6284722 0.89579126875 0.497884065625 0.8011366875 0.48954171874999997 0.775148453125 0.6174662468750001 0.8664465124999999 0.6284722