27 0.583984375 0.5693359375 0.5869140625 0.572265625 0.65234375 0.5712890625 0.654296875 0.4794921875 0.6494140625 0.474609375 0.5849609375 0.4765625 0.583984375 0.5693359375
32 0.2587890625 0.26953125 0.255859375 0.2744140625 0.2578125 0.3662109375 0.2607421875 0.369140625 0.318359375 0.3681640625 0.328125 0.3662109375 0.326171875 0.2724609375 0.3232421875 0.26953125 0.2587890625 0.26953125
33 0.328125 0.3662109375 0.396484375 0.3662109375 0.396484375 0.2724609375 0.3935546875 0.26953125 0.3291015625 0.26953125 0.328125 0.3662109375
34 0.3984375 0.3662109375 0.4091796875 0.369140625 0.462890625 0.3681640625 0.466796875 0.3662109375 0.46484375 0.2705078125 0.3994140625 0.26953125 0.3984375 0.3662109375
35 0.466796875 0.3662109375 0.53515625 0.3662109375 0.53515625 0.2705078125 0.5322265625 0.267578125 0.4677734375 0.26953125 0.466796875 0.3662109375
40 0.515625 0.4794921875 0.515625 0.5712890625 0.57421875 0.5732421875 0.583984375 0.5712890625 0.583984375 0.4775390625 0.5185546875 0.4765625 0.515625 0.4794921875
45 0.607421875 0.3271484375 0.603515625 0.4150390625 0.6220703125 0.419921875 0.673828125 0.4189453125 0.677734375 0.3251953125 0.6728515625 0.322265625 0.6123046875 0.3203125 0.607421875 0.3271484375
46 0.677734375 0.3271484375 0.673828125 0.4169921875 0.6923828125 0.421875 0.7421875 0.4208984375 0.74609375 0.3291015625 0.7255859375 0.32421875 0.6806640625 0.32421875 0.677734375 0.3271484375
47 0.74609375 0.3271484375 0.744140625 0.3623046875 0.744140625 0.4208984375 0.80859375 0.4228515625 0.8125 0.3291015625 0.8095703125 0.326171875 0.7490234375 0.32421875 0.74609375 0.3271484375
48 0.8125 0.3330078125 0.810546875 0.4228515625 0.876953125 0.4248046875 0.880859375 0.3330078125 0.8779296875 0.330078125 0.8154296875 0.328125 0.8125 0.3330078125
13 0.4501953125 0.572265625 0.515625 0.5712890625 0.515625 0.4775390625 0.4501953125 0.4765625 0.447265625 0.5693359375 0.4501953125 0.572265625
15 0.83984375 0.6357421875 0.904296875 0.6357421875 0.90625 0.5439453125 0.9033203125 0.541015625 0.8408203125 0.541015625 0.83984375 0.6357421875
16 0.9072265625 0.54296875 0.90625 0.6376953125 0.96875 0.6396484375 0.97265625 0.6376953125 0.97265625 0.5458984375 0.9697265625 0.54296875 0.9072265625 0.54296875
26 0.76953125 0.5419921875 0.76953125 0.6337890625 0.7724609375 0.63671875 0.837890625 0.6357421875 0.83984375 0.5439453125 0.8369140625 0.541015625 0.7724609375 0.5390625 0.76953125 0.5419921875
5 0.1435546875 0.48046875 0.0791015625 0.482421875 0.076171875 0.4853515625 0.078125 0.5693359375 0.080078125 0.5791015625 0.0859375 0.5810546875 0.1455078125 0.580078125 0.1484375 0.5771484375 0.1484375 0.4853515625 0.1435546875 0.48046875
6 0.1513671875 0.48046875 0.1484375 0.4833984375 0.150390625 0.5771484375 0.16015625 0.5791015625 0.2158203125 0.578125 0.21875 0.5751953125 0.2177734375 0.48046875 0.1513671875 0.48046875
7 0.2216796875 0.478515625 0.21875 0.4814453125 0.21875 0.5732421875 0.2236328125 0.578125 0.236328125 0.5771484375 0.2880859375 0.576171875 0.291015625 0.5732421875 0.2900390625 0.478515625 0.2216796875 0.478515625
1 0.373046875 0.7587890625 0.375 0.6611328125 0.3056640625 0.662109375 0.3046875 0.7587890625 0.373046875 0.7587890625
2 0.4404296875 0.658203125 0.3759765625 0.66015625 0.375 0.7568359375 0.3779296875 0.759765625 0.412109375 0.7587890625 0.4423828125 0.7578125 0.4453125 0.7548828125 0.4453125 0.6611328125 0.4404296875 0.658203125
3 0.4482421875 0.658203125 0.4453125 0.6611328125 0.443359375 0.7548828125 0.4462890625 0.759765625 0.4765625 0.7587890625 0.513671875 0.7568359375 0.513671875 0.6611328125 0.5107421875 0.658203125 0.4482421875 0.658203125