9 0.111328125 0.7041015625 0.107421875 0.6181640625 0.0380859375 0.62890625 0.03515625 0.7236328125 0.0517578125 0.7265625 0.1083984375 0.71484375 0.111328125 0.7041015625
10 0.1796875 0.6064453125 0.1650390625 0.603515625 0.1123046875 0.61328125 0.111328125 0.7099609375 0.1298828125 0.7109375 0.1845703125 0.69921875 0.1796875 0.6064453125
11 0.248046875 0.5927734375 0.2392578125 0.58984375 0.1826171875 0.6015625 0.1796875 0.6123046875 0.185546875 0.6962890625 0.2548828125 0.685546875 0.248046875 0.5927734375
12 0.3271484375 0.67578125 0.330078125 0.6689453125 0.31640625 0.5830078125 0.3115234375 0.580078125 0.2529296875 0.591796875 0.25 0.6064453125 0.2578125 0.6845703125 0.2705078125 0.6875 0.3271484375 0.67578125
1 0.400390625 0.6533203125 0.384765625 0.5673828125 0.3740234375 0.564453125 0.3193359375 0.576171875 0.328125 0.6669921875 0.3408203125 0.669921875 0.3974609375 0.658203125 0.400390625 0.6533203125
7 0.869140625 0.3759765625 0.8623046875 0.37109375 0.8115234375 0.37109375 0.822265625 0.4462890625 0.8779296875 0.44921875 0.880859375 0.4423828125 0.869140625 0.3759765625
5 0.49609375 0.4775390625 0.484375 0.4052734375 0.4814453125 0.40234375 0.4267578125 0.408203125 0.423828125 0.4150390625 0.43359375 0.4873046875 0.4931640625 0.482421875 0.49609375 0.4775390625
18 0.5556640625 0.474609375 0.544921875 0.3994140625 0.5380859375 0.396484375 0.4873046875 0.40234375 0.484375 0.4052734375 0.49609375 0.4794921875 0.4990234375 0.482421875 0.5556640625 0.474609375
22 0.8154296875 0.642578125 0.818359375 0.6318359375 0.798828125 0.5537109375 0.7373046875 0.5546875 0.734375 0.5673828125 0.751953125 0.6455078125 0.7607421875 0.6484375 0.8154296875 0.642578125
23 0.8828125 0.6279296875 0.861328125 0.5498046875 0.8017578125 0.552734375 0.80078125 0.5634765625 0.8203125 0.6416015625 0.8818359375 0.638671875 0.8828125 0.6279296875
24 0.9462890625 0.634765625 0.947265625 0.6259765625 0.923828125 0.5478515625 0.9111328125 0.544921875 0.8662109375 0.548828125 0.86328125 0.5556640625 0.884765625 0.6376953125 0.8916015625 0.640625 0.9462890625 0.634765625
47 0.751953125 0.3681640625 0.693359375 0.3662109375 0.697265625 0.4404296875 0.7568359375 0.443359375 0.759765625 0.4326171875 0.751953125 0.3681640625
42 0.7783203125 0.228515625 0.7294921875 0.23828125 0.7265625 0.2451171875 0.7568359375 0.3046875 0.80859375 0.2919921875 0.7783203125 0.228515625
43 0.8271484375 0.21875 0.7841796875 0.2265625 0.78125 0.2333984375 0.8095703125 0.291015625 0.859375 0.2802734375 0.8271484375 0.21875
44 0.91015625 0.2685546875 0.8759765625 0.208984375 0.8330078125 0.216796875 0.830078125 0.2216796875 0.8623046875 0.28125 0.9052734375 0.2734375 0.91015625 0.2685546875
34 0.810546875 0.3740234375 0.7548828125 0.37109375 0.759765625 0.4462890625 0.8193359375 0.44921875 0.822265625 0.4462890625 0.810546875 0.3740234375
39 0.32421875 0.3564453125 0.2724609375 0.30859375 0.2294921875 0.3359375 0.224609375 0.3427734375 0.2783203125 0.396484375 0.32421875 0.3623046875 0.32421875 0.3564453125
28 0.3154296875 0.2734375 0.2763671875 0.298828125 0.271484375 0.3056640625 0.3232421875 0.35546875 0.3671875 0.3251953125 0.3154296875 0.2734375
29 0.4140625 0.2900390625 0.3623046875 0.244140625 0.3291015625 0.265625 0.3203125 0.2744140625 0.3720703125 0.326171875 0.4140625 0.2958984375 0.4140625 0.2900390625
30 0.4580078125 0.2578125 0.4072265625 0.216796875 0.3681640625 0.2421875 0.369140625 0.2490234375 0.4189453125 0.294921875 0.4609375 0.2646484375 0.4580078125 0.2578125
31 0.4912109375 0.220703125 0.4462890625 0.18359375 0.4169921875 0.203125 0.408203125 0.2138671875 0.4619140625 0.259765625 0.498046875 0.2314453125 0.4912109375 0.220703125
26 0.6181640625 0.46875 0.60546875 0.3935546875 0.5849609375 0.390625 0.5478515625 0.39453125 0.544921875 0.4013671875 0.556640625 0.4716796875 0.5654296875 0.474609375 0.6181640625 0.46875