13 0.41212216875 0.81539346875 0.4150033296875 0.8228295250000001 0.4542848484375 0.8216010765625 0.45595694687500005 0.7643499609375 0.4171550671875 0.76284428125 0.41212216875 0.81539346875
18 0.3320936484375 0.635326096875 0.3051284203125 0.606113290625 0.26321220156249997 0.6462202828125 0.28881734375 0.6752328421875 0.3320936484375 0.635326096875
19 0.492100884375 0.6378483578125 0.47673580624999995 0.606136321875 0.472655546875 0.6055355859375 0.42497701093750007 0.6307704578125 0.42601844375000003 0.6407404015625 0.44210298124999997 0.66835124375 0.48658170468749995 0.6454500078125001 0.492100884375 0.6378483578125
20 0.3141826671875 0.7056124671874999 0.3228261453125 0.7279206421875 0.3613060515625 0.7153551859375 0.3456978328125 0.6611693828125 0.3072179265625 0.6737348390625 0.3141826671875 0.7056124671874999
21 0.367459215625 0.6643733093749999 0.38066259375 0.6845480937499999 0.4144216125 0.6670804625 0.3901732375 0.614427315625 0.35505413125 0.6316947015625 0.367459215625 0.6643733093749999
22 0.46109438437500005 0.31354219843750003 0.4666135640625 0.305940546875 0.45460928593750005 0.27893044218749996 0.4471682265625 0.273627775 0.398129603125 0.298662403125 0.41189477500000005 0.3315412578125 0.4170953 0.33370930312499997 0.46109438437500005 0.31354219843750003
23 0.5891922875 0.40252070156249997 0.5345523328125 0.41971878125 0.54023581875 0.44299353124999996 0.5437576046875 0.454731028125 0.5489581296875 0.45689907500000004 0.60063809375 0.4406675703125 0.5891922875 0.40252070156249997
24 0.3301684484375 0.5985809484375 0.3360096 0.6050504328125 0.3710498734375 0.5961856796875 0.361361640625 0.5400667296874999 0.320641203125 0.5494975656250001 0.3301684484375 0.5985809484375
25 0.31072643125 0.5901090078125 0.3146457046875 0.5836741765625 0.3053615984375 0.5570645609375 0.29680027343750004 0.5501945859374999 0.2548807359375 0.5664607453125 0.246881203125 0.5722948390625 0.24840227656249997 0.5795306515624999 0.2628869078125 0.6083083140625 0.31072643125 0.5901090078125
14 0.47048056562499996 0.49863500624999996 0.426074034375 0.4654519453125 0.40287705156250003 0.49429123593749996 0.4454438578125 0.5300081796875 0.47048056562499996 0.49863500624999996
15 0.23477817031249998 0.41064237343750004 0.2355797828125 0.4219793796875 0.27598156875 0.422318240625 0.27877393437500003 0.366634434375 0.23837214843750001 0.3662955734375 0.23477817031249998 0.41064237343750004
16 0.3239754390625 0.3634728390625 0.2961364046875 0.3790073234375 0.277817975 0.39594352499999996 0.300463125 0.42592265781250005 0.3461409484375 0.3961861015625 0.3325367640625 0.37034281562500004 0.3239754390625 0.3634728390625
17 0.3018099296875 0.3307595765625 0.31325241406250004 0.3450656109375 0.36253085625 0.31866391875 0.3462853328125 0.28401750937500003 0.2945265359375 0.3086516453125 0.3018099296875 0.3307595765625
27 0.470280590625 0.7860920546875 0.49340537968750003 0.813337059375 0.501326078125 0.815905596875 0.539641678125 0.772463740625 0.512196809375 0.7459850640625 0.470280590625 0.7860920546875
32 0.5347531640625001 0.7128443343749999 0.5581111328125 0.6910406109375 0.5554697921875 0.6822374875 0.5199432390625 0.6461547046875 0.49154573125 0.67282595 0.49194653749999995 0.678494453125 0.5258731859375 0.7157440546875 0.5347531640625001 0.7128443343749999
33 0.47384136562499996 0.5033369359375001 0.49488660781249993 0.5344828875000001 0.5421643390625001 0.5035795125 0.5199988296875 0.4708662484375 0.48096045 0.494568465625 0.47384136562499996 0.5033369359375001
34 0.55608385625 0.49581226875000006 0.5575260953125001 0.5114507140625 0.6110491062500001 0.516526159375 0.6168836171875001 0.4753139796875 0.5617607015625 0.4714053546875 0.55608385625 0.49581226875000006
35 0.4498294890625 0.425475890625 0.45815431406249996 0.4575537640625 0.5118349906249999 0.44582394374999995 0.5035889984375 0.40534343906250003 0.4526284953125 0.41747375 0.4498294890625 0.425475890625
36 0.5990614296875 0.6087202125 0.6055432078125 0.6194911375000001 0.6454686749999999 0.6464049578125 0.669385115625 0.6134644734375 0.6222584109375 0.579880921875 0.5990614296875 0.6087202125
37 0.677594584375 0.391695825 0.6823943031249999 0.3881953671875 0.685669628125 0.353618265625 0.6739084906249999 0.349081928125 0.6310263515625001 0.3469755109375 0.6262266328125 0.35047596875 0.623430946875 0.38231894375 0.625191840625 0.388187690625 0.677594584375 0.391695825
38 0.74975135625 0.3462245390625 0.69871201875 0.36675748124999996 0.703754878125 0.38573079374999997 0.7131178171875 0.403937775 0.767117146875 0.38243825781249996 0.75831268125 0.35309451406250003 0.74975135625 0.3462245390625
39 0.5865409875 0.32219508281250003 0.5853418875 0.32903040625 0.61902539375 0.3438062375 0.646299315625 0.2917268515625 0.60877536875 0.2749832171875 0.5865409875 0.32219508281250003
28 0.4239911671875 0.44551205937500005 0.4051831375 0.3936598953125 0.365983771875 0.41032654375 0.386631528125 0.4596448265625 0.4239911671875 0.44551205937500005
29 0.47557237499999994 0.2946381953125 0.48253379374999994 0.3026749890625 0.5164538000000001 0.2922429265625 0.5024454890625 0.2368903046875 0.4639655828125 0.24945575937500003 0.47557237499999994 0.2946381953125
30 0.35398613437500004 0.43099810156249996 0.3191823609375 0.41465495937499997 0.2926279 0.4626331546875 0.3283121203125 0.48191067031249996 0.35398613437500004 0.43099810156249996
31 0.3879584109375 0.22143675 0.4270855828125 0.260854396875 0.45548309062500003 0.2341831515625 0.45396201718749996 0.2269473390625 0.41795582343750004 0.19359868593750001 0.3879584109375 0.22143675
0 0.31267155468749996 0.76989915 0.314192628125 0.7771349625 0.362117625 0.7982146890624999 0.3810733609375 0.7617390921875 0.33090783125 0.7375247468749999 0.31267155468749996 0.76989915
5 0.5048968140625 0.6046729734375 0.5061780671875 0.61327585 0.5449799468750001 0.6147815296875 0.5493722187500001 0.55793090625 0.5094500734375 0.5548579171875 0.5048968140625 0.6046729734375
6 0.55148496875 0.7924382796875 0.5538864890624999 0.8026084656249999 0.6078891375000001 0.80494978125 0.61212374375 0.7649044218750001 0.5542806546875 0.7605953046875 0.55148496875 0.7924382796875
7 0.6330801921875 0.7329305109375001 0.6241147390624999 0.6965511984375 0.5720339703125 0.7071142 0.56699443125 0.711981721875 0.57131783125 0.735056225 0.5784402359375 0.7501285875 0.626440746875 0.73896485 0.6330801921875 0.7329305109375001
8 0.423899053125 0.35855136249999997 0.42694451874999995 0.39686382187499997 0.46510577187499996 0.39406806250000004 0.4635780578125 0.3391505859375 0.4286166171875 0.33961270625 0.423899053125 0.35855136249999997
9 0.6153924281250001 0.6826456546874999 0.6196336734375001 0.690281959375 0.6680383109375 0.70862755625 0.6831536078125 0.6701841609375 0.63090853125 0.6498707609375 0.6153924281250001 0.6826456546874999
10 0.751069134375 0.61707656875 0.71402150625 0.5737579734375 0.6829038265625 0.6000287281250001 0.719951453125 0.643347321875 0.751069134375 0.61707656875
11 0.709215146875 0.5295767671875 0.719057725 0.545049621875 0.7705767015625 0.5217825484375 0.755931084375 0.48596931874999993 0.7019317546875 0.5074688359375 0.709215146875 0.5295767671875
12 0.76536289375 0.4242511734375 0.7620020953125 0.41954924374999997 0.711839884375 0.4191757296875 0.7059198984374999 0.4211088765625 0.7047208 0.4279441984375 0.7060053734375 0.46038790937499996 0.7632078359375 0.46039558593749996 0.76536289375 0.4242511734375
1 0.689017146875 0.2629568671875 0.6527777734375 0.2786569421875 0.6595815265625 0.303499003125 0.6715858046875 0.3305091078125 0.70894544375 0.3163763421875 0.7043822234375 0.294668903125 0.689017146875 0.2629568671875
2 0.6068501687500001 0.2382380703125 0.6099711484375 0.24430706249999998 0.6425343890625 0.25751558750000003 0.6670881359374999 0.20503570781249997 0.6322843625 0.188692565625 0.6068501687500001 0.2382380703125
3 0.5421344546875 0.28901202187499997 0.5474959671875 0.2982156359375 0.6007758375 0.2808173125 0.58933003125 0.2426704453125 0.5362899828125001 0.2587017046875 0.5421344546875 0.28901202187499997
4 0.5795662859374999 0.2187949609375 0.5778020734375 0.1890853796875 0.57148128125 0.1853500234375 0.523319784375 0.18947819375 0.519722484375 0.20998415937499998 0.5229256171875 0.2314913546875 0.575167375 0.22796392031249998 0.5795662859374999 0.2187949609375
40 0.43330847656250004 0.7105299953124999 0.4337092828125 0.7161984984374999 0.4785954546875 0.74664743125 0.502511896875 0.7137069453125 0.4553851921875 0.68012339375 0.43330847656250004 0.7105299953124999
45 0.4234658984375 0.6950571421875 0.3845030328125 0.6865158953125 0.3796244796875 0.698418984375 0.373070509375 0.74373235625 0.40931320156249995 0.7518731125 0.414112921875 0.74837265625 0.4234658984375 0.6950571421875
46 0.581222640625 0.6229222859375 0.5744222078125001 0.621921059375 0.5395462421875 0.6616622125 0.54218758125 0.6704653359375 0.5705917296874999 0.6914757546875 0.6061871562500001 0.6476334078125 0.581222640625 0.6229222859375
47 0.5068087328125 0.54605479375 0.503447934375 0.5413528640624999 0.47056604062499996 0.5379140375 0.4657663203125 0.54141449375 0.459931809375 0.5826266734375001 0.46025378281249996 0.5966978093749999 0.4990556625 0.5982034890625 0.5068087328125 0.54605479375
48 0.3891284828125 0.580616540625 0.3901699171875 0.5905864843749999 0.424812703125 0.5998940593750001 0.4428058390625 0.5450458890625 0.4070427859375 0.534171003125 0.3891284828125 0.580616540625
49 0.6932982375 0.55668315625 0.6525711578125 0.5184323281250001 0.62417365 0.5451035734375 0.62457445625 0.5507720765624999 0.6633008234375 0.5845212203125 0.6721808015625 0.5816215 0.6932982375 0.55668315625
50 0.6348800734375 0.4443066421875 0.6817603171875 0.43157559375 0.6856795890625 0.4251407609375 0.67847503125 0.39463019843749997 0.6721542390625 0.39089484375 0.620953915625 0.40439221875 0.6245578546874999 0.43156791562499996 0.628079640625 0.4433054140625 0.6348800734375 0.4443066421875
51 0.525182753125 0.353830134375 0.531907671875 0.387074825 0.5883085203125 0.375745496875 0.580062528125 0.3352649921875 0.527981759375 0.34582799375 0.525182753125 0.353830134375
52 0.5270979921875 0.31905278593749997 0.48717584687500004 0.3159797984375 0.48453782656250005 0.33101750625 0.4805430421875 0.3696958015625 0.483903840625 0.37439773125000003 0.5215854531249999 0.3743361015625 0.5270979921875 0.31905278593749997
41 0.3310356125 0.50615199375 0.33031615312499996 0.5102531875 0.361440475 0.5316640968749999 0.39591563281250003 0.48625444062499995 0.3636710453125 0.4632762203125 0.3310356125 0.50615199375
42 0.2613492328125 0.481868340625 0.248628815625 0.4828002609375 0.2329550453125 0.5323804171875001 0.258957675 0.5432206500000001 0.2727983578125 0.5438560390625 0.2891915875 0.49017468906249995 0.2613492328125 0.481868340625
43 0.415577546875 0.3503143234375 0.3913324921875 0.3215020078125 0.34653511406250004 0.354172940625 0.3716606171875 0.3859196296875 0.415577546875 0.3503143234375
44 0.33628176718749997 0.2615090875 0.370609221875 0.30442719218750003 0.40284716875 0.279723746875 0.3685197140625 0.23680564375 0.3628395484375 0.23737172499999998 0.33628176718749997 0.2615090875
26 0.6005725421875 0.5444335296875 0.5681702875 0.538260575 0.5580945296875 0.5718364499999999 0.5567377640625 0.5954770359375 0.590260284375 0.6032173015625 0.6066535140625 0.5495359515625 0.6005725421875 0.5444335296875
26 0.639765265625 0.48008521562500006 0.6452089328125 0.5047270296875 0.6854497312500001 0.49803032343750003 0.676881765625 0.44347868281249997 0.638240871875 0.449008571875 0.639765265625 0.48008521562500006