27 0.3888594734375 0.66652994375 0.325752525 0.5642395296875 0.318349553125 0.565036975 0.2532006359375 0.604185278125 0.250430090625 0.6091478234375 0.3137993484375 0.7158149703125 0.3612757625 0.688935015625 0.3870678765625 0.6732008578124999 0.3888594734375 0.66652994375
32 0.165184509375 0.52504830625 0.16625946875 0.5210457578125001 0.10752263749999999 0.418543715625 0.1008363046875 0.41667279218750003 0.0313172703125 0.45603272656250005 0.028546725000000002 0.46099527343749996 0.08924144843750001 0.5669140500000001 0.096644421875 0.56611660625 0.12074094843750001 0.5513424453125 0.165184509375 0.52504830625
33 0.24256085 0.47784583124999996 0.1808871765625 0.37021868750000003 0.106639703125 0.4111244328125 0.10556474375 0.41512698124999997 0.16625946875 0.5210457578125001 0.24256085 0.47784583124999996
35 0.320557815625 0.43368590625000003 0.32456961562500003 0.43480846093750003 0.39783814375 0.3921943484375 0.3361644703125 0.284567203125 0.26191699687500003 0.32547294843749996 0.2608420375 0.329475496875 0.320557815625 0.43368590625000003
26 0.18463666875 0.3669645078125 0.183561709375 0.37096705625 0.2442564359375 0.47688583281249997 0.249963821875 0.4770483890625 0.3198411765625 0.436354271875 0.259863090625 0.3277671296875 0.255851290625 0.326644578125 0.18463666875 0.3669645078125
0 0.46587749375 0.6206616515625 0.41915033749999997 0.5430367515625 0.39875874375000003 0.5172486843749999 0.32852306875 0.5592769843750001 0.3274481109375 0.5632795328125 0.389838421875 0.6682383109375001 0.4009908875 0.6641866875 0.44373886249999994 0.638852546875 0.46587749375 0.6206616515625
8 0.6925288125 0.58510489375 0.6604086859375 0.597633946875 0.6146278578125 0.6235539015625 0.6135529 0.6275564499999999 0.6735309843749999 0.7361435921874999 0.677542784375 0.7372661468749999 0.751790259375 0.6963604015625 0.7385393296875 0.665398159375 0.6925288125 0.58510489375
1 0.45159801093749996 0.3312114546875 0.45052305312499996 0.335214003125 0.48700640625 0.402800328125 0.511217778125 0.4411327796875 0.5875191578125001 0.39793285312500004 0.5285200203125 0.291054078125 0.5228126343749999 0.290891521875 0.45159801093749996 0.3312114546875
2 0.58921474375 0.3969728546875 0.59322654375 0.39809540625 0.6647994859375 0.35644129375 0.6067792953125 0.2512708859375 0.6000929625 0.24939996406249998 0.5288783390625 0.28971989531250003 0.58921474375 0.3969728546875
3 0.6058003484375 0.24956251875 0.666495071875 0.3554812953125 0.7403842265625 0.3159097328125 0.683080675 0.208070959375 0.6773732890625 0.20790840625 0.6068753046875 0.2455599703125 0.6058003484375 0.24956251875
4 0.7437753984375 0.3139897359375 0.7477871984375 0.315112290625 0.819360140625 0.27345817656250004 0.758665415625 0.1675394 0.6851345796875 0.2057767796875 0.684059621875 0.209779328125 0.7437753984375 0.3139897359375
40 0.234106796875 0.7609348921875 0.1717164859375 0.6559761140625 0.1660091 0.6558135578125001 0.0957734265625 0.6978418578125 0.157088778125 0.8068031843749999 0.161100578125 0.8079257375 0.203848553125 0.7825915953125 0.2330318375 0.764937440625 0.234106796875 0.7609348921875
13 0.308354271875 0.720029146875 0.311124815625 0.7150666 0.24873450468749997 0.610107821875 0.24472270468750001 0.6089852687499999 0.1955507046875 0.6368252203125 0.1717164859375 0.6559761140625 0.234106796875 0.7609348921875 0.238118596875 0.7620574453125 0.25204160625 0.753043275 0.308354271875 0.720029146875
21 0.5175370515625 0.8244634421875 0.5215488515625 0.8255859953125 0.596512965625 0.782011884375 0.534576984375 0.6700080078124999 0.45935056406249997 0.7092053859375 0.45951685937500003 0.7192930343749999 0.5175370515625 0.8244634421875
48 0.5373475296875 0.6650454609375 0.54436645625 0.68709168125 0.5945550703125 0.77859515 0.6012414046875 0.7804660734375 0.67450993125 0.737851959375 0.6145318468750001 0.6292648171875 0.6078455140625 0.6273938953125 0.5373475296875 0.6650454609375