49 0.7062043890624999 0.5156304234375 0.6955225781250001 0.5311514140625 0.75757398125 0.5866141640625 0.8352966687500001 0.49887486093750005 0.774549003125 0.442947190625 0.7062043890624999 0.5156304234375
50 0.8330516843750001 0.634361071875 0.8974165765625 0.5587051062499999 0.8437135265625001 0.5061211828125 0.8366689125000001 0.502777434375 0.8276112453125 0.5103993734375 0.7571850703125 0.5896808 0.8153252578125001 0.6465383124999999 0.8330516843750001 0.634361071875
52 0.30921555 0.22532650781250002 0.25974412343750003 0.16391369218750002 0.23764906406250003 0.1761848390625 0.16518771875 0.237160353125 0.20134773749999998 0.285752403125 0.2181814546875 0.30024504375 0.30921555 0.22532650781250002
41 0.364427853125 0.2905479921875 0.3096729640625 0.2266273640625 0.2263927984375 0.2943888828125 0.22040002187500002 0.3023818375 0.22268709531250003 0.3088861265625 0.27339375625 0.36546652812499997 0.364427853125 0.2905479921875
42 0.3233226 0.4281802015625 0.33036721406249997 0.43152395 0.4214013109375 0.3566054140625 0.367492746875 0.2909190078125 0.29711295937500004 0.3452963296875 0.2755438203125 0.3632358296875 0.27698456875 0.3715058953125 0.3233226 0.4281802015625
43 0.329081296875 0.62815506875 0.25765181875 0.5877483875 0.22476005781250002 0.6360771359374999 0.19200530625 0.6931408718750001 0.2665681796875 0.7382860625000001 0.32452926875 0.6444180921875 0.329081296875 0.62815506875
8 0.7240106953125001 0.9543287781249999 0.816737440625 0.875878684375 0.7725494734375 0.816973678125 0.7601528937500001 0.8067546265625 0.675111571875 0.8736802078125001 0.6674261484375 0.8852047203125 0.6714743734375 0.8925449437499999 0.7240106953125001 0.9543287781249999
9 0.80480688125 1 0.8495585484375001 0.9066297437499999 0.8206486578125001 0.874483921875 0.735675840625 0.945776996875 0.7292941546875 0.9568365875 0.7637025828125 1 0.80480688125 1
3 0.1258371703125 0.6259704015625001 0.11613869218749999 0.6484606 0.1884829984375 0.6914689968750001 0.2554332515625 0.58561159375 0.18263152968750002 0.5413023375 0.1258371703125 0.6259704015625001
30 0.056809657812500004 0.5715313984375 0.0420332328125 0.6046162671875 0.113462709375 0.6450229484375 0.1795666375 0.540931321875 0.1067649171875 0.49662206875 0.056809657812500004 0.5715313984375
26 0.6928465953125 0.5277137625 0.7723304359375 0.440810396875 0.7141902499999999 0.383952884375 0.7042177515625 0.3889731078125 0.6380232015625 0.45942564218750004 0.6294914515625 0.47271593125000005 0.63262485 0.47745444218750005 0.6928465953125 0.5277137625