13 0.451681215625 0.8347772828125001 0.45537439375 0.8419548171875 0.49440740625 0.837763775 0.489759071875 0.7806998921875 0.45090270468750004 0.7821355265625 0.451681215625 0.8347772828125001
18 0.3520188625 0.6617457625000001 0.32190860312499997 0.6347313125 0.2845373328125 0.6777870734375 0.31326932812499997 0.7047051859375 0.3520188625 0.6617457625000001
19 0.51184409375 0.6521591265625 0.4930249171875 0.621782271875 0.488890125 0.62149325625 0.4441325 0.65019395 0.44627076718750003 0.660030553125 0.46535491249999994 0.686274296875 0.5071793609374999 0.6601363328125001 0.51184409375 0.6521591265625
20 0.341913 0.7330010015624999 0.3529925296875 0.7545336046875 0.3899756 0.7391282546875 0.368434803125 0.686419125 0.3314517328125 0.701824475 0.341913 0.7330010015624999
21 0.3904870296875 0.687960540625 0.40587799843749994 0.70702675 0.43761298281250005 0.6871029359375 0.407625953125 0.6365711828125 0.3745127046875 0.656398659375 0.3904870296875 0.687960540625
22 0.445151134375 0.33197335625 0.44981586562500003 0.32399615000000004 0.4348665125 0.298041421875 0.42686189687500004 0.29333027968750003 0.380726009375 0.3219346359375 0.39807859843750004 0.35359285625000003 0.40350333125000004 0.3553559125 0.445151134375 0.33197335625
23 0.5826961875000001 0.41078140156250004 0.53011059375 0.43201554687500004 0.5383452734375 0.454733175 0.54315174375 0.4661401578125 0.548576478125 0.467903215625 0.5983172203125 0.447854096875 0.5826961875000001 0.41078140156250004
24 0.34604568125 0.6253474359375 0.3525837078125 0.6313399421875 0.38654528125 0.619875028125 0.37069418593750003 0.56479584375 0.331131234375 0.577253109375 0.34604568125 0.6253474359375
25 0.32572500937500004 0.6183915437499999 0.3289231546875 0.6116957015625 0.31673032968750003 0.5859336515625 0.3074357734375 0.5797484671875 0.267431203125 0.59909425 0.260098265625 0.6055010765625 0.2624131796875 0.612582271875 0.2800307375 0.64010738125 0.32572500937500004 0.6183915437499999
14 0.47492872343750003 0.515342696875 0.426989353125 0.48569814375 0.40704048437499996 0.5161329296875 0.4534249453125 0.5484365515625 0.47492872343750003 0.515342696875
15 0.2301974484375 0.44564903906250003 0.232247390625 0.4568633453125 0.272570346875 0.4541463453125 0.269211953125 0.398556503125 0.228888996875 0.4012735046875 0.2301974484375 0.44564903906250003
16 0.31393466875 0.3919954078125 0.2878893890625 0.4095491671875 0.2714919578125 0.427777296875 0.2973791 0.45588043593750005 0.339645165625 0.4228539546875 0.323229225 0.398180590625 0.31393466875 0.3919954078125
17 0.288224171875 0.36113686093749997 0.30121190468750003 0.374499578125 0.347436115625 0.34451751875 0.327415321875 0.31128891875 0.27852290625 0.339700596875 0.288224171875 0.36113686093749997
27 0.50643998125 0.80124014375 0.5325037703125 0.8265878750000001 0.5406850328125 0.828543609375 0.5740981578125 0.7824434250000001 0.5438112515625 0.75818438125 0.50643998125 0.80124014375
32 0.5626468250000001 0.7235201453125 0.5835323406249999 0.7000702171875 0.5799274890625 0.6915149796875 0.540522671875 0.65831534375 0.5151490703125 0.6869870734375 0.5161740421875 0.6925942265625 0.5541122703125 0.7270752265625 0.5626468250000001 0.7235201453125
33 0.47879854687499995 0.5197648234375001 0.503219103125 0.5491493281250001 0.546951753125 0.5148414812500001 0.52124125625 0.483982934375 0.484929865625 0.5105062515625 0.47879854687499995 0.5197648234375001
34 0.5599743953125 0.5060646 0.5631376328125001 0.52150835625 0.6170665828125 0.5225101484375 0.6183380140625 0.48108269843749996 0.5629424765625 0.48136227187499997 0.5599743953125 0.5060646
35 0.4462665421875 0.44414538906249995 0.4581060734375 0.4754182546875 0.5103383734375 0.459694925 0.497650515625 0.4200594984375 0.4481747453125 0.43597550468749996 0.4462665421875 0.44414538906249995
36 0.615283721875 0.6151053125 0.62293504375 0.62532726875 0.66571465 0.6490756546875 0.6859284890625 0.6145077578125 0.6352325890625 0.5846705265625001 0.615283721875 0.6151053125
37 0.6696500624999999 0.39333342031249996 0.674049825 0.389489325 0.6735013765625 0.3548540546875 0.6612736453125 0.3512316015625 0.618282484375 0.352378221875 0.613882721875 0.35622231718749997 0.6146078171875 0.3881021796875 0.6170110531249999 0.393805671875 0.6696500624999999 0.39333342031249996
38 0.7365831421875 0.3426568390625 0.6879556953125 0.3669354078125 0.6950770796875 0.38542358593750004 0.7064215796875 0.40282307656249994 0.7578938765625 0.37735948124999996 0.7458776984375 0.3488420234375 0.7365831421875 0.3426568390625
39 0.5711914375 0.331096228125 0.570749821875 0.337984746875 0.6059664296875 0.350133471875 0.6274167921875 0.296277721875 0.5881537156250001 0.282462278125 0.5711914375 0.331096228125
28 0.4227128203125 0.4660249375 0.3982388484375 0.4158785390625 0.36099080625 0.4354169984375 0.38701969062499997 0.48290432812499995 0.4227128203125 0.4660249375
29 0.457502096875 0.3120785078125 0.465330065625 0.3195450578125 0.498001696875 0.3066061 0.47792748593749995 0.25261560625 0.44094441562500003 0.2680209546875 0.457502096875 0.3120785078125
30 0.3513080515625 0.456882228125 0.314801503125 0.4432594609375 0.2936161109375 0.49298209843749996 0.3313242765625 0.5094566109375 0.3513080515625 0.456882228125
31 0.36206497031249996 0.24590088125 0.4054279328125 0.28214493906250004 0.430801534375 0.2534732109375 0.42848662187500003 0.246392015625 0.3889051578125 0.2159477875 0.36206497031249996 0.24590088125
0 0.3474979828125 0.7970497421875 0.34981289531250004 0.8041309375000001 0.3999254390625 0.821472496875 0.414802865625 0.7837638390625 0.36211044062500003 0.7634741953125 0.3474979828125 0.7970497421875
5 0.52094349375 0.618198225 0.5231700828125 0.626657125 0.5620264500000001 0.6252214890625 0.56013464375 0.5683502828125 0.5199883359374999 0.5683118765625 0.52094349375 0.618198225
6 0.5881108625 0.8014132953124999 0.59162739375 0.8113462374999999 0.6457329890625 0.8095926203125 0.645537834375 0.7694465359375 0.5873857671875 0.7695334328125 0.5881108625 0.8014132953124999
7 0.6629068203124999 0.7360636656249999 0.6499539921874999 0.70056135 0.5991882796875 0.715003315625 0.5947001937499999 0.7202251140625 0.601556609375 0.7428464046875 0.6103212265625 0.7572978109374999 0.6569521468749999 0.74256683125 0.6629068203124999 0.7360636656249999
8 0.41302795156250005 0.37954758437499997 0.420291075 0.417419953125 0.4580341484375 0.41175486875 0.45045263750000003 0.357253715625 0.41564274062499995 0.3603560703125 0.41302795156250005 0.37954758437499997
9 0.6397227875 0.6873913093749999 0.644794228125 0.69466518125 0.6950834171875 0.7092513328125001 0.7059143765625 0.6698759562500001 0.651578715625 0.653623084375 0.6397227875 0.6873913093749999
10 0.767776015625 0.6119255031249999 0.7260562875 0.571644671875 0.69792615625 0.6001237234375 0.739645884375 0.6404045546875 0.767776015625 0.6119255031249999
11 0.716389928125 0.5280688109375 0.7279110734375001 0.54271289375 0.7767151671875 0.51567891875 0.7581609609375 0.48116895312499997 0.7066886609374999 0.5066325484374999 0.716389928125 0.5280688109375
12 0.7607572390625 0.41907594687499994 0.7568874171875 0.4146538203125 0.7068282890625001 0.41807415625 0.7011385859375 0.420444209375 0.70069696875 0.427332728125 0.7055568578125 0.45950160625 0.7625956296874999 0.455185259375 0.7607572390625 0.41907594687499994
1 0.6668380046875 0.2644362671875 0.632434815625 0.28278970000000003 0.6419594359375 0.30698137187499996 0.6569087890625 0.3329361 0.69260191875 0.3160567078125 0.6856571796875001 0.294813121875 0.6668380046875 0.2644362671875
2 0.5821805328125 0.2460639515625 0.5859620328124999 0.25186378125000003 0.6198887 0.26253846406250003 0.63858253125 0.2084900375 0.602075984375 0.1948672703125 0.5821805328125 0.2460639515625
3 0.52325206875 0.3014516734375 0.52961345 0.3101995890625 0.580820778125 0.2888691046875 0.5651997468750001 0.2517964078125 0.5140807406250001 0.2717491875 0.52325206875 0.3014516734375
4 0.552830275 0.22878976406249998 0.5477937421875 0.19937629375000002 0.5410790671875 0.1961391953125 0.4935114984375 0.20388531875 0.49218665 0.2245508734375 0.4977531234375 0.245698121875 0.5494554843749999 0.23824101406249998 0.552830275 0.22878976406249998
40 0.4612386296875 0.7288867734375 0.4622636015625 0.7344939265625 0.51037961875 0.7613830734375 0.53059345625 0.7268151765625 0.47989755624999997 0.6969779453125 0.4612386296875 0.7288867734375
45 0.449717484375 0.714242690625 0.40992446875 0.70869346875 0.4063730328125 0.720900125 0.4048366296875 0.7664606859374999 0.4418731171875 0.77181723125 0.4462728796875 0.7679731359375 0.449717484375 0.714242690625
46 0.5990629375000001 0.630578034375 0.5921716171875 0.6300963421875 0.5617799906250001 0.6722560921875 0.56538484375 0.6808113296875 0.5960250421875 0.699559559375 0.6266816375 0.653266696875 0.5990629375000001 0.630578034375
47 0.51638348125 0.5597566390625001 0.5125136593749999 0.5553345125 0.47934699375 0.55440009375 0.4749472328125 0.5582441890625 0.4736758015625 0.5996716390625 0.47554909843750004 0.613641353125 0.514405465625 0.6122057187500001 0.51638348125 0.5597566390625001
48 0.4028543875 0.6030246015625 0.40499265468749995 0.6128612046875 0.4405625546875 0.619499115625 0.45245338906250004 0.5635912937499999 0.41559355 0.555479340625 0.4028543875 0.6030246015625
49 0.7035090281249999 0.55622988125 0.658679478125 0.5212671890625 0.6333058765625 0.54993891875 0.634330846875 0.555546071875 0.6766688390625 0.586182975 0.68520339375 0.5826278953124999 0.7035090281249999 0.55622988125
50 0.6328621484375 0.44888485468750006 0.6782031265625 0.4326798328125 0.681401271875 0.425983990625 0.6708516796875 0.396185165625 0.6641370046875 0.39294806718749997 0.6145729109375 0.41024177812499996 0.6211643546875 0.43699617812499997 0.6259708265625 0.4484031625 0.6328621484375 0.44888485468750006
51 0.5134994984375 0.3671960984375 0.52387244375 0.3997503296875 0.5788612718749999 0.3842196765625 0.5661734140625 0.34458425 0.5154077015625 0.3590262140625 0.5134994984375 0.3671960984375
52 0.5115727859375 0.332464490625 0.4714264765625 0.33242608281249997 0.47045492187500004 0.347580825 0.4707384015625 0.3863492046875 0.4746082234375 0.39077133124999996 0.5121746500000001 0.3878616546875 0.5115727859375 0.332464490625
41 0.3367141046875 0.5333592671875 0.336449134375 0.537492378125 0.3698458609375 0.5564332828125 0.39921251562500004 0.5086663796875001 0.3645258484375 0.48825143281249994 0.3367141046875 0.5333592671875
42 0.26454933281250004 0.51447629375 0.251968309375 0.5163646546875 0.2418090296875 0.5668580000000001 0.268932696875 0.5756732875 0.2828036640625 0.5752589671874999 0.2932279125 0.5206325109375001 0.26454933281250004 0.51447629375
43 0.40382171875 0.371984696875 0.3764679859375 0.345162921875 0.335403540625 0.38104115 0.36395888906249996 0.41071467031250003 0.40382171875 0.371984696875
44 0.3149575265625 0.289659978125 0.353920728125 0.32974813125 0.3833407984375 0.30274312187499997 0.34437759687499997 0.26265496875 0.3387762171875 0.26364731875 0.3149575265625 0.289659978125
26 0.6096987390625 0.551056571875 0.5767087203125 0.5473667468750001 0.5703658484374999 0.5815203234374999 0.5716208843749999 0.6051339640625 0.6059008421875001 0.6102978328125 0.616325090625 0.555671375 0.6096987390625 0.551056571875
26 0.64168018125 0.48409815468749995 0.6498265359375 0.5081934875 0.6892128421875 0.49849162968750005 0.6746516890625001 0.4448864890625 0.6367319703125001 0.45330698125 0.64168018125 0.48409815468749995