20 0.2969896078125 0.50431388125 0.25570915312500003 0.41762148593750004 0.19997757968750002 0.4350768328125 0.239502571875 0.5223530578125 0.2969896078125 0.50431388125
21 0.2587767890625 0.41768105625 0.297432903125 0.50308665 0.35578881406249996 0.48691810156250004 0.3171327 0.401512509375 0.31057185 0.39829550937499997 0.2587767890625 0.41768105625
22 0.3158382421875 0.3965440171875 0.3571186984375 0.48323641093749997 0.414605734375 0.4651972328125 0.3759496203125 0.3797916390625 0.3693887703125 0.376574640625 0.3158382421875 0.3965440171875
46 0.87973393125 0.541582603125 0.8428332812500001 0.455593178125 0.7831474859374999 0.47544341562500003 0.8196225546875 0.5583349796875 0.87973393125 0.541582603125
47 0.9367776734375 0.5247706562500001 0.9016324875 0.43819739843749994 0.84370215625 0.4574638078125 0.881932690625 0.539771540625 0.9367776734375 0.5247706562500001
48 0.903370240625 0.44193866093749995 0.9389764312500001 0.52295959375 0.9955768796875001 0.507374878125 0.96043169375 0.42080162187500003 0.903831246875 0.4363863390625 0.903370240625 0.44193866093749995
49 0.570700378125 0.44783704531249996 0.5320442640625 0.36243145 0.47455722656250005 0.380470628125 0.513213340625 0.46587622343749996 0.570700378125 0.44783704531249996
50 0.62687524375 0.4291544671875 0.5891057187500001 0.3412944109375 0.5333741453124999 0.35874975937500003 0.5702747968749999 0.44473918437500004 0.62687524375 0.4291544671875
51 0.6856921640625 0.4074335984375 0.6487915140625 0.3214441734375 0.5904356015625 0.3376127203125 0.6282051281250001 0.4254727765625 0.6856921640625 0.4074335984375
0 0.2588490421875 0.7210808375 0.2249274625 0.6567764375 0.169195890625 0.6742317843750001 0.18003026718749998 0.7041023 0.21047634531249998 0.7609241796874999 0.265339040625 0.7415982015625 0.2588490421875 0.7210808375
5 0.3241559609375 0.7198773328125 0.28374438281250003 0.63505556875 0.22801280937500001 0.652510915625 0.266668925 0.737916509375 0.3241559609375 0.7198773328125
6 0.2868297296875 0.630790046875 0.2846132578125 0.6369262 0.3263547203125 0.7180662718749999 0.381217415625 0.6987402953124999 0.3408058390625 0.6139185312500001 0.2868297296875 0.630790046875
37 0.6380652859375 0.6932233078125 0.5994091703125 0.6078177124999999 0.542808721875 0.6234024296875 0.5805782484375 0.711262484375 0.6380652859375 0.6932233078125
38 0.658208378125 0.590421934375 0.6542718671875 0.588491734375 0.5998524656249999 0.60659048125 0.6385085796875 0.6919960765625001 0.642445090625 0.6939262765625 0.6968644921875 0.6758275296875 0.658208378125 0.590421934375
39 0.6964389109375 0.67272966875 0.700375421875 0.6746598671874999 0.7547948234375 0.656561121875 0.7543869546875 0.64913816875 0.7152698328125 0.569284896875 0.7095778578124999 0.5679385265625 0.658669384375 0.5848696125 0.6564529125 0.5910057656250001 0.6964389109375 0.67272966875
7 0.4004916328125 0.5940682921875 0.39655512187499997 0.5921380921875 0.343004596875 0.6121074703125 0.38341617499999997 0.6969292328125001 0.437392284375 0.6800577171875 0.4400343359375 0.677019425 0.4004916328125 0.5940682921875
8 0.496209203125 0.6583368484375 0.49753908750000003 0.6546551578125 0.45755308906250003 0.5729312546875 0.4501056484375 0.5721687156249999 0.400934928125 0.5928410625 0.44047763125 0.6757921953125 0.44441414218749997 0.6777223953125 0.496209203125 0.6583368484375