34 0.17467720312499999 0.502832171875 0.165561203125 0.5087651234375 0.127172975 0.615962596875 0.21541833437500002 0.6443086859375 0.2532928671875 0.5315731625 0.17467720312499999 0.502832171875
35 0.3022880265625 0.6727111890625 0.3374112171875 0.56008849375 0.26029964843750003 0.5326756015624999 0.25019325000000003 0.5428185078125 0.2167940078125 0.6442522703125 0.22281038749999998 0.6495646640625 0.3022880265625 0.6727111890625
36 0.344161146875 0.5584219078125 0.337539640625 0.56147300625 0.3064150390625 0.6725419453125 0.3873967734375 0.69701656875 0.4182645265625 0.5831786046875 0.344161146875 0.5584219078125
31 0.17432679375 0.409731334375 0.2107342265625 0.3109537671875 0.136374 0.2834280453125 0.12975249375 0.28647914375 0.0913272671875 0.3783905625 0.10460727656249999 0.3875744203125 0.17432679375 0.409731334375
4 0.2164937609375 0.31349713437500004 0.2111195 0.31510730468750003 0.17720655937500002 0.41100301874999995 0.2556938015625 0.438359496875 0.2893498921875 0.33969475625 0.2164937609375 0.31349713437500004
44 0.338308053125 0.4655467296875 0.3679655578125 0.368435746875 0.29635667187500003 0.340797196875 0.2909824125 0.3424073671875 0.2820318359375 0.3650108875 0.2598208140625 0.438190253125 0.338308053125 0.4655467296875
49 0.5961832171875 0.50639341875 0.5855631234375 0.5109982734375 0.5694054796875 0.604776084375 0.643380434375 0.6281482671874999 0.6577771328125 0.5302733328125 0.5961832171875 0.50639341875
22 0.71572286875 0.648807840625 0.726377828125 0.5552556859375 0.6647839125 0.531375771875 0.65816240625 0.5344268703124999 0.643508859375 0.6295327796875 0.7119811296874999 0.6531306203125 0.71572286875 0.648807840625
26 0.7318805109375 0.555030028125 0.7265062515625 0.5566401984375 0.7161081406250001 0.6529613765625 0.7818290703125 0.6766720484375 0.7934744265625 0.57890994375 0.7318805109375 0.555030028125
25 0.542077046875 0.6823346453125 0.5329610484375 0.6882675984375 0.514345909375 0.8002133171875 0.5950707953125 0.821918915625 0.6119249890625 0.705876071875 0.542077046875 0.6823346453125
14 0.61893176875 0.7069785125 0.6113198640624999 0.7142395625 0.5964464656249999 0.8218625015625 0.6716686671875001 0.84379375625 0.6872756140625 0.729191840625 0.61893176875 0.7069785125
15 0.69002695625 0.7290790109375 0.6861567921875 0.7320172796875 0.6742915843749999 0.842296415625 0.7480096890625 0.862899571875 0.7583708015624999 0.7512923390624999 0.69002695625 0.7290790109375
16 0.8223329203124999 0.875139240625 0.8262009499999999 0.76796761875 0.7651207328125 0.7496257546875 0.7582423781250001 0.7499078265625 0.7493853609375 0.8628431578125 0.8188480296874999 0.8822310468750001 0.8223329203124999 0.875139240625
12 0.5763535625 0.42659941406249996 0.5945289984375 0.3396877515625 0.5299268921875 0.313151640625 0.523819084375 0.32174078906250003 0.5078812921875 0.4030015734375 0.5609643328125 0.42445094843750003 0.5763535625 0.42659941406249996
1 0.6479254515624999 0.43895190937499995 0.6588742562500001 0.3634548375 0.6000316828125001 0.3394620921875 0.5934101765625 0.34251319062499996 0.5764819875 0.4279839265625 0.642202915625 0.451694596875 0.6479254515624999 0.43895190937499995
2 0.66738513125 0.3658853734375 0.6580122828125 0.369049303125 0.64508268125 0.45296628125 0.7092995156249999 0.475348853125 0.7219722671875 0.38866285 0.66738513125 0.3658853734375
3 0.7793673078125 0.4863732515625 0.7833093343749999 0.4097737375 0.7274749500000001 0.38843719062500004 0.722100690625 0.3900473625 0.71217928125 0.47662053593750003 0.7748920187499999 0.49767501249999996 0.7793673078125 0.4863732515625