5 0.21712893281249998 0.33270397812499997 0.296807396875 0.38009831875 0.3660907375 0.2624586640625 0.286619196875 0.2160234625 0.21712893281249998 0.33270397812499997
4 0.376309496875 0.42905986875 0.45716838125 0.4771563484375 0.5294027765625 0.3612720390625 0.448543890625 0.31317555937499997 0.376309496875 0.42905986875
33 0.6743173890625 0.44713215 0.6645610578125 0.44166688593750003 0.6567129578124999 0.451779665625 0.587045325 0.5569179171875 0.6680627 0.6039055453125 0.7462170765625 0.49107357343749997 0.6743173890625 0.44713215
33 0.8262475203124999 0.540992225 0.7629869203124999 0.49987455937499997 0.7477807859375 0.49116764062499996 0.6710589140625001 0.60452475625 0.74935330625 0.653461946875 0.7776862828125 0.61445090625 0.8262475203124999 0.540992225
42 0.7083604875 0.7906952796875 0.7795433890625 0.8353622890624999 0.7879563515625 0.83455149375 0.8510407859375 0.7487975234375 0.8662761703124999 0.7280263406249999 0.78415605 0.6776121828125 0.747527434375 0.7267676671875 0.7069212796875 0.7840242171875 0.7083604875 0.7906952796875
41 0.68306323125 0.6535331140625 0.6253955453125 0.7378570796874999 0.7017923734375 0.786788434375 0.7814621734375 0.6759051703125001 0.70205463125 0.6287766203125 0.68306323125 0.6535331140625
51 0.6250039921874999 0.7400193734375 0.6409000671875 0.716841515625 0.6993923078125001 0.6245802046875 0.632513759375 0.585086321875 0.6169569984375001 0.579321846875 0.5460025015625 0.6883065140625 0.5490837359375 0.6959542890625 0.6250039921874999 0.7400193734375
15 0.5441054140625 0.6662441140625 0.6038207718749999 0.5715081578125 0.52742394375 0.5225768015625001 0.4540489140625 0.633610684375 0.5260953390625 0.6822803296875 0.5328662750000001 0.680492825 0.5441054140625 0.6662441140625
14 0.4486065828125 0.4756946609375 0.375231553125 0.5867285437499999 0.448344325 0.633706475 0.46577871562500006 0.6150018359375 0.5233613828125 0.5236493046875 0.4486065828125 0.4756946609375
14 0.3722353375 0.586109334375 0.44396833906250005 0.47409873906250005 0.36679300625 0.4281933109375 0.2964141921875 0.539846403125 0.3722353375 0.586109334375
24 0.2920382078125 0.3802386671875 0.285267271875 0.3820261734375 0.2186631765625 0.49127254843749996 0.2934179765625 0.5392271921875 0.365150978125 0.42721660000000006 0.2920382078125 0.3802386671875
20 0.14235136718750002 0.44936975781250005 0.214600615625 0.49234505312500004 0.22292855937499997 0.4845056953125 0.288191715625 0.3783177671875 0.20812996562500002 0.33153149375 0.1864895078125 0.36715060624999996 0.1409121609375 0.44269869531249995 0.14235136718750002 0.44936975781250005
19 0.1526419640625 0.424089846875 0.20733283125000002 0.3302212890625 0.1284110546875 0.285235965625 0.063736828125 0.396793265625 0.0684600921875 0.4054177515625 0.1374592796875 0.447509875 0.1526419640625 0.424089846875