7 0.4591175609375 0.5911236203125 0.47645570625 0.684968690625 0.60930471875 0.664853340625 0.5935635593749999 0.57514365 0.589206540625 0.571024340625 0.5767863984375 0.5710966578125001 0.532915184375 0.5768783375 0.46304063749999996 0.5869561 0.4591175609375 0.5911236203125
12 0.3403384921875 0.3790551078125 0.340700109375 0.38596079843750003 0.42327235625000004 0.4338345859375 0.487722634375 0.32017146875 0.40783809687500006 0.270900471875 0.39977497031250003 0.275092096875 0.385824296875 0.29865983281249997 0.3403384921875 0.3790551078125
3 0.49741399375000006 0.50524396875 0.5046756890624999 0.5121094828125 0.5885732328125 0.4798451234375 0.5392836187500001 0.355791790625 0.5323835406249999 0.3558319671875 0.45509678124999997 0.3825315984375 0.4513183515625 0.38946139375 0.49741399375000006 0.50524396875
47 0.426135959375 0.6203283984375 0.5121543578125001 0.5231184109375 0.4425143875 0.4585906140625 0.35221129218749997 0.55306243125 0.3525729109375 0.559968121875 0.41923587968750003 0.6203685765625 0.426135959375 0.6203283984375
48 0.6498979 0.70191908125 0.6428531734375 0.69919698125 0.6265822765625 0.70481795625 0.5603356453125 0.7314533046875 0.61136689375 0.8624042921875 0.6980244671875 0.8301238625 0.6498979 0.70191908125
52 0.6068574531250001 0.56539533125 0.5933465890625 0.571000234375 0.6119924265625001 0.6634561328124999 0.74367839375 0.6474922328125 0.726340246875 0.5536471609375 0.6068574531250001 0.56539533125
44 0.798065865625 0.7107272796874999 0.7856457234375 0.7107995953125 0.706906625 0.7361261234375001 0.671749446875 0.7501464203125 0.705647784375 0.8438950671875001 0.8305118625000001 0.8031028234375001 0.798065865625 0.7107272796874999
33 0.769873315625 0.43596115781250006 0.736264275 0.34773706249999997 0.619390996875 0.3829565453125 0.6127078874999999 0.387140134375 0.613214153125 0.3968081015625 0.6435568984375 0.4753803 0.769873315625 0.43596115781250006
38 0.42006664687499995 0.47806314531250005 0.41404031874999997 0.46842732031249995 0.3475943203125 0.4121702796875 0.25736355 0.5080232359375 0.2793656125 0.5327631921875 0.3299082 0.5752972390625 0.42006664687499995 0.47806314531250005
23 0.31795720625 0.4261584359375 0.3502937640625 0.3582737546875 0.269101534375 0.31039193125 0.261038409375 0.31458355781249997 0.20196354843750003 0.42545225625 0.28729582656249997 0.47330997343750003 0.31795720625 0.4261584359375
1 0.2373729046875 0.258077425 0.2081091453125 0.22647195468749998 0.16482825625 0.1908034203125 0.07321746875 0.2866644125 0.1470698109375 0.35254924375 0.1539698890625 0.352509065625 0.2373729046875 0.258077425