40 0.35993902499999997 0.4382734359375 0.338623884375 0.3774367796875 0.298180784375 0.38653869531249996 0.3185654609375 0.4482904953125 0.35993902499999997 0.4382734359375
45 0.5510318703125 0.7186367 0.54656136875 0.7271236421875 0.5706892796874999 0.764743621875 0.6229556859375001 0.7378779984375 0.6005977921875 0.6964721218750001 0.5510318703125 0.7186367
45 0.7816638265625 0.3425153453125 0.731980234375 0.29935497187500004 0.7070395296875 0.3279750890625 0.7052695109375 0.3317609890625 0.7124191140625 0.339044246875 0.7548621953125 0.372965753125 0.7816638265625 0.3425153453125
47 0.6935264953125 0.5396327265624999 0.6814037046875 0.488160259375 0.63966650625 0.49035487968749997 0.63732965625 0.5028783625 0.649361540625 0.55239521875 0.6910987375000001 0.5502005999999999 0.6935264953125 0.5396327265624999
50 0.2842453546875 0.7356282125 0.283860340625 0.7482770171875 0.3415544734375 0.7753786500000001 0.3581423875 0.7345235875 0.29942687968750004 0.7063814875000001 0.2842453546875 0.7356282125
50 0.6184424187500001 0.787307428125 0.6158328453124999 0.7939640812500001 0.6370570765625 0.8528451296874999 0.678430640625 0.8428280687499999 0.6589764296875 0.780161125 0.6184424187500001 0.787307428125
51 0.433932346875 0.5229650078125 0.4250127234375 0.5194676484375 0.39219515 0.525159628125 0.389494665625 0.5298606718750001 0.40384201875 0.5873252890625 0.44744014375 0.5833003796875 0.433932346875 0.5229650078125
52 0.7145795296874999 0.4064501328125 0.7026439359375 0.44272947343749997 0.7434292874999999 0.46192124375 0.7652363484375 0.4077528734375 0.724450996875 0.388561103125 0.7145795296874999 0.4064501328125
43 0.452579003125 0.37987904375000003 0.4529426359375 0.3877014828125 0.486284278125 0.414214409375 0.5220269156249999 0.366790115625 0.48673343750000003 0.3401518703125 0.452579003125 0.37987904375000003
19 0.2839298671875 0.770703871875 0.24718185781250002 0.7127758640625 0.211187878125 0.733862084375 0.2147065359375 0.7467615296875 0.24496267968750002 0.790624303125 0.2546309484375 0.7892952984375 0.2839298671875 0.770703871875
23 0.7342261765625 0.2848758765625 0.729434803125 0.244597890625 0.6708797328125 0.24083825625 0.6692701484375 0.26900661718749996 0.6749224578125 0.28594260625 0.727622021875 0.2893262796875 0.7342261765625 0.2848758765625
25 0.5955175515625 0.398805540625 0.5726891171874999 0.4519334453125 0.611613540625 0.472955503125 0.6374151828125 0.420993384375 0.6023035218749999 0.398266359375 0.5955175515625 0.398805540625
5 0.196102496875 0.493071409375 0.1882042453125 0.490614515625 0.1577716671875 0.5266811109375 0.152461609375 0.53803880625 0.18784599375 0.5666326625 0.2255404671875 0.5193336921875 0.196102496875 0.493071409375
34 0.5465398421875001 0.391761290625 0.52539051875 0.43914768750000005 0.56431494375 0.46016974531250004 0.5901165859375 0.408207628125 0.55704766875 0.3875615328125 0.5465398421875001 0.391761290625
38 0.8620527250000001 0.35547595468750004 0.8475930828125 0.3165269703125 0.7915352953125 0.324626315625 0.7890166296875 0.33323857968750004 0.8032944546874999 0.3682763421875 0.8496839703125 0.361506 0.8620527250000001 0.35547595468750004