13 0.24108307031249998 0.388852359375 0.251106371875 0.3310713109375 0.24521852187499998 0.32145409687500004 0.1524674515625 0.303625278125 0.144844821875 0.3292267265625 0.13881098281249998 0.367830765625 0.14316261875 0.373312559375 0.24108307031249998 0.388852359375
18 0.23980386875 0.39164140625 0.14316261875 0.373312559375 0.1389161375 0.385565103125 0.1321171296875 0.440807121875 0.23177823593750002 0.4585396390625 0.23975716406249997 0.42018561718749997 0.23980386875 0.39164140625
19 0.1194828453125 0.49529909375000003 0.12086720312499999 0.5102443859375 0.20389281406249998 0.52682313125 0.220732746875 0.526034203125 0.23290557656250002 0.46656046562500003 0.230703471875 0.459385984375 0.1437876765625 0.44230721093750003 0.1321171296875 0.440807121875 0.1286883984375 0.4452888546875 0.1194828453125 0.49529909375000003
20 0.5126013078125 0.25343551249999996 0.50702305 0.259609934375 0.5334950296875001 0.3171595015625 0.6147215359375 0.2852669796875 0.5903990859375 0.22602472499999998 0.5126013078125 0.25343551249999996
17 0.3357912578125 0.8095892015624999 0.3356393984375 0.8203990734375 0.3543310125 0.87694858125 0.44722806718749997 0.846556146875 0.4274091109375 0.7819858140625 0.3357912578125 0.8095892015624999
27 0.6724027921875 0.58015223125 0.5854344203124999 0.5542062890625 0.57289941875 0.5890212203125 0.5709076234375 0.617315415625 0.655060578125 0.6419149859375 0.6608432734374999 0.6337978609375 0.6724027921875 0.58015223125
32 0.6531154859375 0.6416649703124999 0.56507235 0.6165653703125 0.5580630296875 0.6363387125 0.5513107234375 0.66303651875 0.55228620625 0.6818672171875 0.637513925 0.7056204421875 0.6531154859375 0.6416649703124999
33 0.5356565843750001 0.718124821875 0.5317196984375 0.746169003125 0.6176133078125 0.772961290625 0.6371050515625 0.7095058484375001 0.548396025 0.6813671875 0.5356565843750001 0.718124821875
46 0.781246240625 0.726064240625 0.7830277265625 0.66230136875 0.6970348359375 0.655186121875 0.6918713249999999 0.69488651875 0.6915676046875 0.7165062625 0.695919240625 0.7219880562500001 0.781246240625 0.726064240625
47 0.6920290578125 0.7214880265625 0.6869707015625 0.7789227624999999 0.6909134625 0.7882899609375 0.7764449 0.7904234437500001 0.778226384375 0.7266605703125 0.6920290578125 0.7214880265625
48 0.6870232796875 0.7877899312500001 0.6859076843749999 0.854591865625 0.7733842140625 0.8569753625000001 0.77655005625 0.80815778125 0.7734250453125 0.791019771875 0.6870232796875 0.7877899312500001
50 0.5009016749999999 0.3927137734375 0.49469835937499995 0.3298935453125 0.40594262812500004 0.3302990953125 0.40169615 0.34255163906249997 0.408717215625 0.3976010578125 0.4935827625 0.396695478125 0.5009016749999999 0.3927137734375
51 0.408717215625 0.3976010578125 0.40508404843749996 0.40402549531250004 0.411491803125 0.464903021875 0.5036762640625 0.4600157375 0.49747294531249997 0.3971955078125 0.408717215625 0.3976010578125
52 0.49896833125000006 0.46728651875000005 0.494616696875 0.461804725 0.40954671249999997 0.4646530078125 0.40376401562500003 0.47277013281249997 0.41037620625000004 0.53170495625 0.5025606671875 0.5268176718750001 0.49896833125000006 0.46728651875000005
7 0.54168426875 0.3142741546875 0.536310446875 0.318505875 0.5606328984375 0.3777481296875 0.643804496875 0.346105621875 0.6194820453125 0.28686336875 0.54168426875 0.3142741546875
34 0.48761296875 0.191154196875 0.482034709375 0.19732861875000002 0.508711125 0.2529354828125 0.5897331953125 0.2229856640625 0.5652063078125 0.16568611093750002 0.48761296875 0.191154196875
4 0.29482156718749997 0.6743704125 0.2925201796875 0.686872971875 0.31121179374999997 0.74342248125 0.40390440937500005 0.7149727484375 0.38428989062499996 0.6484597140624999 0.29482156718749997 0.6743704125
31 0.42438925625 0.78258214375 0.40671982812499996 0.7163191234374999 0.3153064125 0.7419798078125 0.31187768125000004 0.7464615421875 0.329955984375 0.80883915625 0.33773635 0.809839215625 0.42438925625 0.78258214375