49 0.8099909468750001 0.4631052765625 0.804732165625 0.464869409375 0.731333415625 0.5550335828125 0.7319584140625001 0.5591692140625 0.803046759375 0.6182443421875 0.83747501875 0.5809852375 0.879920846875 0.523655346875 0.8099909468750001 0.4631052765625
50 0.949850746875 0.584205415625 0.8844378484375 0.5261232421875001 0.8803375125 0.5264124328124999 0.8057803171875 0.6180515468750001 0.8064053156250001 0.6221871796875 0.8335988750000001 0.646740753125 0.8759185484374999 0.6799801609375 0.95047574375 0.588341046875 0.949850746875 0.584205415625
51 1 0.6242558859375 0.9557345249999999 0.5865769140625 0.951634190625 0.58686610625 0.87865210625 0.6797873671875 0.8808522171875 0.68520514375 0.9456401156249999 0.7391516859375 0.9522656749999999 0.7372911578125 1 0.67651550625 1 0.6242558859375
37 0.3520977765625 0.285021121875 0.42897186249999997 0.1904321265625 0.35630840625000004 0.1300748515625 0.2792259875 0.223285303125 0.2798509859375 0.227420934375 0.3520977765625 0.285021121875
38 0.43348886562500005 0.192900021875 0.42938852812499995 0.1931892140625 0.398852271875 0.22878058281250002 0.3525144421875 0.287778209375 0.4238111203125 0.34823188125 0.42811978906250003 0.3493212328125 0.5034187640625001 0.2534500921875 0.43348886562500005 0.192900021875
39 0.5052022093749999 0.25611078125 0.42696134218750004 0.350796171875 0.4982580203125 0.41124984531250003 0.503725134375 0.4108642578125 0.57670721875 0.317942996875 0.5760822203125 0.3138073671875 0.5052022093749999 0.25611078125
28 0.5025666906249999 0.4123391984375 0.5031916890625 0.416474828125 0.5738633671875 0.47279287031250006 0.650737453125 0.37820387499999997 0.582382665625 0.3189359515625 0.5755487734375 0.3194179359375 0.5025666906249999 0.4123391984375
29 0.4855122328125 0.6559652546875 0.41620733125 0.599550815625 0.41210699687499996 0.5998400078125 0.333332684375 0.7001359703125 0.40578780625000005 0.7591147031250001 0.41009647656250003 0.7602040531250001 0.48613723125 0.660100884375 0.4855122328125 0.6559652546875
30 0.56215924375 0.7244009953125 0.5422162421875 0.7021225234374999 0.49181267812499996 0.6610938390625 0.48771234375 0.66138303125 0.41009647656250003 0.7602040531250001 0.410721475 0.764339684375 0.4813931546875 0.8206577265625 0.4857018234375 0.821747078125 0.56215924375 0.7244009953125
31 0.6367229265625001 0.7790513031249999 0.5658429140625 0.7213547171875 0.48686026875 0.8202721374999999 0.48748526718749996 0.8244077687500001 0.5565818359375 0.8794436640625 0.5647825078125 0.8788652812500001 0.637347925 0.7831869328125001 0.6367229265625001 0.7790513031249999
10 0.06849915 0.337067421875 0.0706992609375 0.342485196875 0.1429460515625 0.40008538437499996 0.22255369531250002 0.305303596875 0.221928696875 0.30116796562500003 0.1494735734375 0.242189234375 0.06849915 0.337067421875
11 0.21581784062499998 0.4618212046875 0.29700059687499997 0.3683215609375 0.2963755984375 0.36418592968749997 0.2254955859375 0.3064893453125 0.1445211625 0.40136753281250004 0.21581784062499998 0.4618212046875
12 0.3723976109375 0.42848604218749997 0.2999424859375 0.369507309375 0.21896806406249997 0.464385496875 0.222743284375 0.4710854203125 0.291839853125 0.526121315625 0.2973069671875 0.5257357265625 0.37302260781249996 0.43262167187499995 0.3723976109375 0.42848604218749997