27 0.6135337828125 0.45075931406249997 0.548324284375 0.425328784375 0.51023486875 0.512132275 0.511218121875 0.5221082781249999 0.5725992796875 0.54554865 0.577418553125 0.542076134375 0.6135337828125 0.45075931406249997
39 0.31901949687500003 0.503890725 0.259124734375 0.47225634687499995 0.2101657890625 0.5573945250000001 0.212755465625 0.5662130265624999 0.2693173515625 0.5931259125 0.28625249531249997 0.5690516859375 0.31901949687500003 0.503890725
28 0.7250790359375 0.69804323125 0.63975225625 0.6372472234375001 0.5994562765625 0.6900256921875 0.6026614484375 0.7031493609374999 0.6756399796875 0.755035390625 0.6851508171875 0.7564925375 0.7250790359375 0.69804323125
13 0.6995528281250001 0.3614737078125 0.7095898390625 0.298444803125 0.7062569640625 0.2937233078125 0.6092944250000001 0.28167503125 0.6000082890625 0.32516825312500003 0.599377440625 0.351740440625 0.69473355625 0.36494622187500003 0.6995528281250001 0.3614737078125
21 0.449821609375 0.5295452640625 0.45464088125 0.5260727515625 0.4701280109375 0.43299914531250006 0.46679513593750005 0.4282776484375 0.40404760937499995 0.4200677921875 0.3992283390625 0.42354030781249996 0.3880803671875 0.4849953796875 0.37993361718749996 0.5232852828125 0.449821609375 0.5295452640625
24 0.35289745625 0.44030359687500004 0.35512705 0.4280125828125 0.34069994375 0.3766754125 0.3332909953125 0.3713294265625 0.24322658593750002 0.39823582812499997 0.2408769640625 0.40349033749999996 0.248518290625 0.4383480125 0.26011566406250003 0.466793671875 0.35289745625 0.44030359687500004
8 0.36331758281250004 0.3520681734375 0.38360863125 0.286399409375 0.38027575625 0.2816779140625 0.28912341874999997 0.26069445 0.27056650000000004 0.3168035359375 0.2688323703125 0.3263632140625 0.2776000109375 0.3319173625 0.36331758281250004 0.3520681734375
11 0.24038149843749998 0.40622167343750004 0.17231923437500002 0.40421566875000003 0.1620268125 0.4840489203125 0.1628823609375 0.5024270984375 0.23366200781250002 0.50484943125 0.2432189078125 0.41367450625 0.24038149843749998 0.40622167343750004
10 0.6329385750000001 0.428467084375 0.6366392109375 0.4388594171875 0.712087390625 0.4925274421875 0.757450375 0.43491079062500004 0.6759519359375 0.3761049421875 0.6329385750000001 0.428467084375
1 0.298922440625 0.6762645703125 0.304980375 0.6659637125 0.3061220421875 0.6057828328125 0.2998240515625 0.602010678125 0.20878406562500001 0.603502396875 0.2021106375 0.609498084375 0.2002334484375 0.6583372921875 0.20269542343750002 0.675557965625 0.298922440625 0.6762645703125
50 0.48130669062500003 0.30978935937499996 0.4750547625 0.213385134375 0.4114363328125 0.2176744578125 0.40587386406250003 0.2252439765625 0.40696946875 0.257695165625 0.412868990625 0.3175511953125 0.45919219375000003 0.316226584375 0.48130669062500003 0.30978935937499996
43 0.52550216875 0.6127249796875 0.5358839109375 0.601682946875 0.5004609421875 0.542918153125 0.412978534375 0.594081734375 0.4166791703125 0.6044740671875 0.4396338609375 0.6472923765624999 0.4492647265625 0.6557860265625 0.52550216875 0.6127249796875