13 0.162064471875 0.464818621875 0.1810943921875 0.34459605937500004 0.0937713234375 0.3246029578125 0.0766644453125 0.4452439015625 0.162064471875 0.464818621875
23 0.308015125 0.3722092125 0.30216105937500004 0.365961078125 0.2210426875 0.3503025921875 0.20956764843750003 0.39655625625 0.1997390953125 0.47202029218749997 0.2851391234375 0.49159501250000004 0.308015125 0.3722092125
25 0.41570544218750005 0.3956385546875 0.41177441875 0.3898088015625 0.32873300781250003 0.37373193437499996 0.32286807500000003 0.38936928125 0.3074294140625 0.495449634375 0.392829440625 0.5150243546875 0.41570544218750005 0.3956385546875
15 0.5505188359375001 0.54933160625 0.5740961015625 0.42611876562499995 0.488696075 0.40654404531250005 0.4631957671875 0.5293385046875 0.5505188359375001 0.54933160625
1 0.7678225140625 0.5966086703125 0.7766623828125 0.5756491453125 0.7952458625000001 0.47423259375000004 0.7082734265624999 0.45232597343750003 0.7003155703124999 0.457558959375 0.6770039953125 0.5738652890625 0.6809350203125 0.579695040625 0.7678225140625 0.5966086703125
2 0.8670344625 0.6171985375 0.8892832765625001 0.5285182484375001 0.8928854015625 0.492490559375 0.8021518234375 0.4747401671875 0.7877018484375 0.5263160109375 0.7738573296875 0.5909573031249999 0.7770870890625 0.6006140953125 0.8670344625 0.6171985375
36 0.10751805 0.4569309890625 0.08813749843749999 0.5790670718750001 0.1731868921875 0.6005553109374999 0.17922170625 0.59490394375 0.1967641578125 0.47734247031250004 0.10751805 0.4569309890625
38 0.27482265156249996 0.493330146875 0.2668539296875 0.5204486125 0.253168428125 0.6169613671875 0.33856845468749996 0.6365360859375 0.3621457203125 0.513323246875 0.27482265156249996 0.493330146875
48 0.3813761328125 0.5175070578125001 0.3592863375 0.6380588078125 0.44433573125 0.659547046875 0.46948540625 0.538666109375 0.4463239671875 0.5286525453124999 0.3813761328125 0.5175070578125001
48 0.4732465484375 0.53450988125 0.4477462421875 0.6573043390625 0.534718678125 0.679210959375 0.5598683531249999 0.5583300203125 0.5540142875 0.5520818859375 0.4732465484375 0.53450988125
49 0.5736802734374999 0.55934516875 0.5512398453125 0.6818104375 0.63821228125 0.703717059375 0.644247096875 0.6980656921875 0.6659862609375 0.5794274625 0.5736802734374999 0.55934516875
50 0.7362873921875 0.7250544953125 0.7640613734375 0.6007648984375 0.66983234375 0.580264225 0.647391915625 0.7027294937499999 0.7362873921875 0.7250544953125
43 0.8305164218750001 0.7455551703125 0.86021344375 0.6216839546874999 0.765984415625 0.6011832796875 0.7412703125 0.7251436890625 0.8305164218750001 0.7455551703125