31 0.08203125 0.3759765625 0.080078125 0.4951171875 0.1669921875 0.49609375 0.16796875 0.3759765625 0.08203125 0.3759765625
34 0.1953125 0.5986328125 0.193359375 0.7197265625 0.2783203125 0.72265625 0.28125 0.5986328125 0.1953125 0.5986328125
35 0.283203125 0.6005859375 0.28125 0.7197265625 0.3662109375 0.72265625 0.37109375 0.6005859375 0.283203125 0.6005859375
36 0.373046875 0.5966796875 0.37109375 0.7177734375 0.4560546875 0.720703125 0.458984375 0.5966796875 0.373046875 0.5966796875
12 0.505859375 0.2294921875 0.505859375 0.3486328125 0.5888671875 0.349609375 0.58984375 0.2275390625 0.505859375 0.2294921875
1 0.677734375 0.2294921875 0.5947265625 0.2265625 0.591796875 0.3466796875 0.6748046875 0.349609375 0.6796875 0.3447265625 0.677734375 0.2294921875
2 0.6787109375 0.228515625 0.6796875 0.3486328125 0.7646484375 0.34765625 0.76171875 0.2294921875 0.6787109375 0.228515625
3 0.7646484375 0.2265625 0.765625 0.3447265625 0.8505859375 0.345703125 0.84765625 0.2275390625 0.7646484375 0.2265625
4 0.2470703125 0.373046875 0.169921875 0.3759765625 0.16796875 0.4951171875 0.2529296875 0.49609375 0.255859375 0.3779296875 0.2470703125 0.373046875
44 0.2587890625 0.373046875 0.255859375 0.4931640625 0.3427734375 0.49609375 0.345703125 0.3759765625 0.2587890625 0.373046875
49 0.712890625 0.4443359375 0.6259765625 0.44140625 0.625 0.5595703125 0.6318359375 0.564453125 0.7119140625 0.5625 0.712890625 0.4443359375
22 0.7138671875 0.44140625 0.71484375 0.5615234375 0.7978515625 0.5625 0.798828125 0.4443359375 0.7138671875 0.44140625
26 0.8388671875 0.439453125 0.7998046875 0.44140625 0.80078125 0.5615234375 0.8837890625 0.5625 0.884765625 0.4443359375 0.8388671875 0.439453125
25 0.693359375 0.6591796875 0.6064453125 0.65625 0.603515625 0.6728515625 0.607421875 0.7802734375 0.6923828125 0.78125 0.693359375 0.6591796875
14 0.779296875 0.6572265625 0.6943359375 0.65625 0.6953125 0.7783203125 0.7177734375 0.78125 0.7802734375 0.77734375 0.779296875 0.6572265625
15 0.865234375 0.6552734375 0.7822265625 0.654296875 0.78125 0.7744140625 0.7880859375 0.779296875 0.8662109375 0.775390625 0.865234375 0.6552734375
16 0.951171875 0.6513671875 0.8662109375 0.650390625 0.869140625 0.7724609375 0.8916015625 0.775390625 0.9541015625 0.771484375 0.951171875 0.6513671875