13 0.5224397062499999 0.8407288718749999 0.5290184375 0.8003364484375 0.47244966406250005 0.78153143125 0.46552021093749996 0.8237884843750001 0.5224397062499999 0.8407288718749999
18 0.6653836078124999 0.2053319421875 0.654798759375 0.21286105000000002 0.6728860640625001 0.2412715921875 0.7158310703125 0.22418402187500003 0.6980944859375 0.19390885156249998 0.6653836078124999 0.2053319421875
19 0.799902265625 0.3296676984375 0.7746523562500001 0.285175490625 0.7597847640625 0.28839302187500004 0.7423771625 0.29969845 0.7667557046875 0.3379909203125 0.776373353125 0.3410201921875 0.799902265625 0.3296676984375
20 0.7799220499999999 0.414228865625 0.7648104375 0.38083029375 0.7221311890625 0.391088740625 0.7180183718750001 0.3967061578125 0.7319078953125 0.42576961874999997 0.7418762671875 0.4269342625 0.7799220499999999 0.414228865625
21 0.5887476703125001 0.444869003125 0.576132590625 0.49027298750000003 0.6108410921874999 0.5061428609374999 0.626516828125 0.46071534375 0.6129671546875 0.4515098671875 0.5887476703125001 0.444869003125
25 0.401570525 0.3513496625 0.3974577078125 0.356967078125 0.4158848640625 0.4052356078125 0.45095495625000004 0.3975182390625 0.43287851875000005 0.34738508125 0.401570525 0.3513496625
25 0.6991881359375001 0.28016991875 0.6888473078125 0.3243151296875 0.7239065296875 0.338320375 0.735384484375 0.293545778125 0.708370103125 0.280099321875 0.6991881359375001 0.28016991875
14 0.6313962984375 0.321032990625 0.628930384375 0.3558079984375 0.669675234375 0.3666663109375 0.68113145 0.365336940625 0.680536709375 0.330585465625 0.6313962984375 0.321032990625
15 0.79041995 0.580480665625 0.7863071328125 0.5860980828125 0.7963387281250001 0.6356724484375 0.8357765265625 0.6372311546875 0.8245228421874999 0.583321678125 0.79041995 0.580480665625
16 0.493984925 0.3853951640625 0.4770130078125 0.3998004625 0.512932728125 0.4417280578125 0.540138775 0.42165827968749997 0.5080661125 0.38094239218750003 0.493984925 0.3853951640625
16 0.712574778125 0.6152145984375 0.7113309515624999 0.6543247156249999 0.7581971125 0.6651359625000001 0.7677298 0.6632007390625 0.7655622484375 0.62597878125 0.712574778125 0.6152145984375
14 0.3324044359375 0.6919942156250001 0.329864428125 0.7000821125 0.3587065078125 0.730892540625 0.40131166250000005 0.6939469828125 0.373957428125 0.6606425406249999 0.3324044359375 0.6919942156250001
24 0.401102234375 0.413417634375 0.35310981875 0.38151315937499997 0.340771365625 0.39836540781249996 0.3348199796875 0.40834146562500007 0.3368284734375 0.413911815625 0.3824616765625 0.44211056718749997 0.401102234375 0.413417634375
21 0.48630658281250005 0.8757627343750001 0.483415853125 0.8857152609375 0.509186409375 0.9382718328124999 0.5479336359375 0.9218371812499999 0.5193681812500001 0.8624750171875 0.48630658281250005 0.8757627343750001
18 0.217748425 0.543300634375 0.2152084171875 0.5513885328125 0.25681376562499997 0.590169196875 0.28542269375 0.5626409078125 0.24110741249999998 0.5220191484375001 0.217748425 0.543300634375
23 0.3082827703125 0.489849828125 0.28632666875 0.5036728046875 0.3169964453125 0.551847203125 0.3503238015625 0.531730359375 0.321226834375 0.48602644218749996 0.3082827703125 0.489849828125
40 0.378582009375 0.5060666984375 0.37446919375 0.5116841140624999 0.3864243203125 0.5618643359375 0.42464002812499996 0.5590879328125 0.41338634374999994 0.50517845625 0.378582009375 0.5060666984375
46 0.7092612203125 0.4215992359375 0.675254159375 0.40200010781250006 0.661162103125 0.42817549374999997 0.6580905796875001 0.44992163906249993 0.687814896875 0.465209190625 0.6935005234375 0.46206225625 0.7092612203125 0.4215992359375
46 0.22074386875 0.673612784375 0.252380846875 0.711228803125 0.264187784375 0.7080348062499999 0.2860589234375 0.689247334375 0.2859739609375 0.6842828375 0.24926783437500002 0.6411199984375 0.21786400781249998 0.6618426953125 0.2152390359375 0.6649660984375 0.22074386875 0.673612784375
45 0.693964840625 0.7574850953125 0.687577771875 0.764361284375 0.7049527671875 0.8182236968750001 0.7438699171875001 0.8117180375 0.725272834375 0.753520515625 0.693964840625 0.7574850953125
47 0.7950731656250001 0.71822779375 0.7916617890625 0.720115953125 0.8044882828125001 0.7764959124999999 0.8442768015625 0.776189990625 0.831801028125 0.7179454046875 0.7950731656250001 0.71822779375
48 0.3288053703125 0.3699078 0.3390612359375 0.3207980921875 0.3017277625 0.30805161875 0.29147189687499997 0.3571613265625 0.3288053703125 0.3699078
48 0.5830096874999999 0.3778835984375 0.5649747374999999 0.41960539375000006 0.59933251875 0.43733989375000004 0.6188553140625 0.3931240859375 0.5941151828125 0.37841885625 0.5830096874999999 0.3778835984375
49 0.2859522234375 0.7277280640625 0.28113796406249997 0.7370747359375 0.2881938671875 0.79163713125 0.3306073578125 0.7882078078125 0.32268008593749997 0.727445675 0.2859522234375 0.7277280640625
50 0.4062474640625 0.2669061578125 0.3692647109375 0.2522950578125 0.36409973125 0.26350635625 0.3555125078125 0.298328428125 0.3882974796875 0.3135924484375 0.39398310468750003 0.310445515625 0.4062474640625 0.2669061578125
42 0.661009940625 0.7322920828124999 0.638215078125 0.6747474812500001 0.603931390625 0.683700090625 0.6236656 0.741268225 0.661009940625 0.7322920828124999
43 0.3125111703125 0.6027744734375 0.30953547812500004 0.607762503125 0.3444030375 0.6552839828125 0.37580686406249997 0.6345612859374999 0.34321355625 0.5857810328124999 0.3125111703125 0.6027744734375
43 0.31766726875 0.43454038281249996 0.3072740828125 0.40855325625 0.27369183750000003 0.41377661093749996 0.27028046250000004 0.41566477187500006 0.28415911718750003 0.46645084687500005 0.3223748265625 0.4636744421875 0.31766726875 0.43454038281249996
52 0.5934048578125 0.22512532031250002 0.6005042375 0.1927972609375 0.5527667093749999 0.1757862765625 0.5461030140625 0.211214203125 0.5934048578125 0.22512532031250002
44 0.6043364546875 0.57322239375 0.5941023265625 0.578886875 0.6111374703125 0.6128913015624999 0.659853065625 0.5976212921874999 0.6431686421875 0.5617522390625 0.6043364546875 0.57322239375
32 0.7888056515625 0.48615523437499997 0.769677053125 0.441615959375 0.7360948078125 0.44683931406250005 0.734256240625 0.45119795625 0.75303411875 0.4976018578125 0.787753490625 0.49174911562499996 0.7888056515625 0.48615523437499997
32 0.7029007984375 0.8995438 0.669074534375 0.8681510515624999 0.6409862515625 0.9037437046875001 0.6350348671875 0.9137197625000001 0.6389668890625 0.9198959671875 0.6707846609375 0.9457183656250001 0.7029007984375 0.8995438
33 0.59567315 0.7601027609375001 0.591911053125 0.7638555499999999 0.6036962531250001 0.804106778125 0.6594045265624999 0.7949894421875 0.6476193265625 0.7547382125000001 0.59567315 0.7601027609375001
34 0.7344962890625 0.8453048687500001 0.73210446875 0.9067669875 0.7701393828125 0.9157842031250001 0.7753043640625 0.9045729046875 0.7744547328125 0.8549279406249999 0.7344962890625 0.8453048687500001
34 0.4245530796875 0.732868840625 0.397421128125 0.779625728125 0.434223084375 0.8060304484374999 0.4628428828125 0.756779546875 0.429887984375 0.7315865359375 0.4245530796875 0.732868840625
38 0.5625789453125 0.8385583203125 0.5619624671875 0.8472520734375 0.578997609375 0.8812564984375 0.6303381765625 0.8628630890625001 0.6127823859375 0.8207942984375001 0.5625789453125 0.8385583203125
33 0.60115823125 0.6334492703125 0.598618221875 0.6415371671875 0.6160040859375 0.6736769671875 0.6654211234375 0.6546777031250001 0.6468131703125 0.6182027953125 0.60115823125 0.6334492703125
39 0.44295160312500004 0.4888144 0.4782874515625 0.47426790781249994 0.486948771875 0.4661329453125 0.4653651265625 0.4346460671875 0.425831496875 0.44984547812500003 0.42171868124999995 0.45546289375000004 0.4245135765625 0.462268484375 0.44295160312500004 0.4888144
29 0.8010660375 0.8001066874999999 0.786666734375 0.7412562453125 0.74958815 0.7434032640625 0.7609267984375 0.8022772359375001 0.8010660375 0.8001066874999999
28 0.44326282343749995 0.2163494171875 0.43040372343750005 0.2251373 0.4560043546875 0.26776487968749996 0.48757810625 0.256971175 0.4626789171875 0.2106143390625 0.44326282343749995 0.2163494171875
7 0.6221511078125 0.27269386406249996 0.6180382890625 0.27831127968749997 0.6254557828125 0.3092864359375 0.6755633921875 0.3082805296875 0.6684966203125 0.27544074687500003 0.6221511078125 0.27269386406249996
8 0.4966167921875 0.718039959375 0.468273621875 0.7387391234375 0.49107935312500006 0.7745611125 0.5384029359375 0.7450270015625 0.5155972015625 0.7092050125 0.4966167921875 0.718039959375
9 0.485938096875 0.5635817796875 0.480422396875 0.57665770625 0.4804964921875 0.6033448171875 0.5368953375000001 0.6122208390625 0.5370020390625 0.5737401078125 0.485938096875 0.5635817796875
10 0.5878782890625 0.259923859375 0.54049148125 0.241048246875 0.536729384375 0.2448010359375 0.5319042578125 0.27587032031250003 0.5619792953125 0.28929324375 0.5807789109375 0.29225191875 0.5878782890625 0.259923859375
10 0.41022296249999995 0.1861919078125 0.42205163749999997 0.1395526828125 0.385153846875 0.129906078125 0.3751637390625 0.1721866625 0.41022296249999995 0.1861919078125
11 0.72371288125 0.5505820140625 0.716964221875 0.5810454453125 0.75587050625 0.5962623984375 0.7645535625 0.544682209375 0.7302807437500001 0.53191220625 0.72371288125 0.5505820140625
12 0.5183397421875 0.6458782671875001 0.5123883578124999 0.655854325 0.540444034375 0.6854295125000001 0.5785006859374999 0.6510015015625 0.55079573125 0.6195616875 0.5183397421875 0.6458782671875001
12 0.7379728765625 0.7130810265624999 0.72600688125 0.6846234203125 0.67755704375 0.693064303125 0.673794946875 0.6968170921875 0.6862815875 0.7333390640624999 0.7393648921875 0.72734513125 0.7379728765625 0.7130810265624999
1 0.47731137187500006 0.327803496875 0.44567439374999995 0.2901874765625 0.4244197328125 0.300281196875 0.4165448171875 0.3096514015625 0.450541009375 0.35097314218750003 0.477396334375 0.33276799375 0.47731137187500006 0.327803496875
2 0.5266325765625 0.3255623484375 0.5221690375 0.33304439375 0.529055015625 0.3776777953125 0.5665692859375 0.378630646875 0.5588119390624999 0.32779750625 0.5266325765625 0.3255623484375
2 0.4037143515625 0.6107622515625 0.3999522546875 0.6145150390625 0.41277874687500005 0.6708949984375 0.45134517812499997 0.6662539671875 0.43886940625 0.60800938125 0.4037143515625 0.6107622515625
1 0.6552739437499999 0.486561275 0.652383215625 0.49651379999999995 0.6582279 0.5250184734375 0.7121825687500001 0.525224275 0.7058172390624999 0.4886552375 0.6552739437499999 0.486561275
4 0.4861406296875 0.50834293125 0.48167709218750004 0.515824975 0.48682033437500005 0.548058903125 0.540424284375 0.550129334375 0.536333203125 0.512301521875 0.4861406296875 0.50834293125
40 0.344740903125 0.8538873734375001 0.33878951874999996 0.8638634312500001 0.3706922546875 0.8946503265624999 0.41085323125000006 0.84903455 0.37895049531249997 0.8182476546874999 0.344740903125 0.8538873734375001