18 0.5257459671875 0.1369153140625 0.52740781875 0.14989348125 0.5495001859374999 0.1950470390625 0.620701259375 0.16240592812500002 0.5976295625 0.10730926874999999 0.5257459671875 0.1369153140625
13 0.52472565625 0.45369815312500006 0.500838775 0.47600502499999997 0.534978534375 0.5188496687499999 0.5956750671875 0.47302558906250003 0.563864634375 0.4265686515625 0.52472565625 0.45369815312500006
13 0.6364499671875 0.805225725 0.64373475625 0.8012968781250001 0.6713009578125 0.761822315625 0.611894225 0.715588884375 0.58189474375 0.7498312203124999 0.5770432343749999 0.7589922953125 0.581420128125 0.764485196875 0.6364499671875 0.805225725
19 0.7229112421874999 0.1447166390625 0.6928379062500001 0.20936550937499998 0.7421258109375 0.2385430015625 0.7757895640625 0.16750744687500002 0.7323324999999999 0.13911198281249998 0.7229112421874999 0.1447166390625
21 0.6907465828125 0.26991790312499997 0.660078240625 0.1922165265625 0.6150044703125 0.20971947812499997 0.607526825 0.215584809375 0.64052449375 0.2896738921875 0.6545155015625 0.287625653125 0.6907465828125 0.26991790312499997
20 0.2236447875 0.5202655390625 0.24177468281249997 0.4667701046875 0.2373977890625 0.46127720156249996 0.15303594375000001 0.43818854687500003 0.1432440203125 0.467291703125 0.13665680468750002 0.49388114375000003 0.1392829390625 0.49717688437499996 0.2236447875 0.5202655390625
22 0.442147440625 0.729126065625 0.437014171875 0.7510046328125 0.5112722390625 0.7766628765625 0.5311528921875001 0.7253646015624999 0.4562123015625 0.6966712921875 0.442147440625 0.729126065625
24 0.2811393921875 0.734023525 0.2754125046875 0.74208601875 0.302772190625 0.8134565874999999 0.3586322625 0.7964191125 0.332044003125 0.7173026015625 0.2811393921875 0.734023525
17 0.6196508515625 0.4399377109375 0.6630627687499999 0.40945659062499995 0.6636413375 0.40364713593749996 0.6195756078125 0.3418100703125 0.5816977203125 0.36616518125 0.5742200765625001 0.37203051249999997 0.5753922640625 0.3800371296875 0.6196508515625 0.4399377109375
15 0.5451726078125 0.6340332453124999 0.544505134375 0.6506237078125 0.5553215328125 0.6903402390625 0.6286741250000001 0.6756488468749999 0.6194005781249999 0.6204404328125 0.5451726078125 0.6340332453124999
25 0.455987959375 0.530822546875 0.4057056765625 0.472076425 0.392397190625 0.477159728125 0.35996443125 0.5061698375 0.4156918421875 0.569570959375 0.4532729203125 0.5383078125 0.455987959375 0.530822546875
0 0.38361053125 0.169854515625 0.383328771875 0.1825720078125 0.433684909375 0.21091159531249998 0.471428746875 0.1384609078125 0.4184464734375 0.106825578125 0.38361053125 0.169854515625
0 0.7701092125 0.3629807 0.733817934375 0.30218633906250003 0.694189290625 0.3243442875 0.686518790625 0.33214610625 0.7280623390625001 0.3995319515625 0.77108854375 0.3729238015625 0.7701092125 0.3629807
8 0.2369532703125 0.5151822359375 0.22871925 0.5484190375 0.3086153015625 0.57679579375 0.3306324234375 0.5238217109375001 0.25024670625 0.49047340312500004 0.2369532703125 0.5151822359375
9 0.404611509375 0.819265796875 0.40768355312500004 0.89719068125 0.41225330156249995 0.9007471 0.46394438750000006 0.8959057625 0.4610652 0.81604439375 0.404611509375 0.819265796875
10 0.37147562343749996 0.31147861250000003 0.3642947875 0.32425197968749997 0.40640185625 0.3662028421875 0.46436830156250003 0.3082385015625 0.4205104765625 0.264090478125 0.37147562343749996 0.31147861250000003
11 0.43155121718749995 0.46965575625 0.43845029375 0.4695998796875 0.469903721875 0.43064666875 0.4676632984375 0.42347795625 0.40951765937499995 0.374470134375 0.40261858281249996 0.3745260125 0.37349448125 0.40986692812500003 0.3732127203125 0.4225844203125 0.43155121718749995 0.46965575625
48 0.192251553125 0.6377208624999999 0.26067878125 0.6625970796875 0.27340869687499997 0.6633232312499999 0.2917314484375 0.6078913109374999 0.21766623749999997 0.58029658125 0.21183539687500003 0.579514553125 0.20630136562499998 0.5856405625 0.19039684375000002 0.6266791796875 0.192251553125 0.6377208624999999
47 0.3760891296875 0.2453774390625 0.37209795 0.236011565625 0.3102579390625 0.1845459078125 0.30316600781249997 0.1865382703125 0.282973496875 0.21130297968749998 0.2711340109375 0.2313009375 0.341238140625 0.28878084843749996 0.3760891296875 0.2453774390625
49 0.33836312031250004 0.59452200625 0.3363306015625 0.6050423359375 0.34775566874999997 0.67820046875 0.40459507187500005 0.6711060953125 0.3958850453125 0.5904626984375 0.33836312031250004 0.59452200625
42 0.5725718828125 0.2501436984375 0.50947078125 0.20145243124999998 0.5002423796875 0.2051206015625 0.474234078125 0.24872881093750002 0.5353915671875 0.297159403125 0.5431660203125 0.2982021078125 0.5725718828125 0.2501436984375
44 0.5174107703125 0.41837594375 0.560406878125 0.35251673906250003 0.517528384375 0.3183118171875 0.5104364515625 0.3203041796875 0.49665335156249996 0.3400414609375 0.47103076250000003 0.37977669999999997 0.47025933750000004 0.3875226421875 0.5174107703125 0.41837594375
34 0.657515078125 0.524491246875 0.6076486046875 0.501123209375 0.5788363609375 0.5629976906249999 0.576121321875 0.57048295625 0.5804982140625 0.5759758578125 0.6257949375 0.595787478125 0.657515078125 0.524491246875
36 0.7255716421875 0.5728659625 0.680170965625 0.5442098203125 0.6439699796875 0.601168628125 0.641254940625 0.6086538921875 0.6456318328124999 0.6141467953124999 0.6864627609375 0.6392465171875 0.7255716421875 0.5728659625
37 0.7641484890625 0.69970561875 0.716418484375 0.6746617734375 0.6887633796875 0.7249173437499999 0.6837190140625 0.736014903125 0.6857665796875 0.7451201000000001 0.7289268359375 0.7666075296875 0.7641484890625 0.69970561875
31 0.5312404078124999 0.5860494203125 0.4790446078125 0.566293678125 0.45954966875 0.61371898125 0.4514045515625 0.6361747765625 0.4536449734375 0.6433434890624999 0.5030217796875001 0.6617399749999999 0.5312404078124999 0.5860494203125
26 0.6443543046875 0.46876148124999995 0.703271371875 0.5100233609375 0.7340422765625 0.468035084375 0.7281074859375 0.458408534375 0.6748284015625 0.41986516875 0.6654071453125 0.42546982499999997 0.6469653906249999 0.4524316953125 0.64211388125 0.4615927703125 0.6443543046875 0.46876148124999995