27 0.1689453125 0.63671875 0.146484375 0.6982421875 0.1416015625 0.7265625 0.2001953125 0.744140625 0.228515625 0.6552734375 0.1689453125 0.63671875
32 0.287109375 0.6767578125 0.2294921875 0.66015625 0.21875 0.6845703125 0.201171875 0.7451171875 0.2099609375 0.751953125 0.2626953125 0.765625 0.287109375 0.6767578125
33 0.2978515625 0.67578125 0.2919921875 0.67578125 0.287109375 0.6845703125 0.265625 0.7666015625 0.3271484375 0.783203125 0.353515625 0.6943359375 0.2978515625 0.67578125
34 0.4853515625 0.541015625 0.4150390625 0.58984375 0.4140625 0.5986328125 0.4501953125 0.64453125 0.521484375 0.5927734375 0.4853515625 0.541015625
35 0.556640625 0.6376953125 0.5224609375 0.59375 0.4580078125 0.640625 0.451171875 0.6513671875 0.4873046875 0.69921875 0.55859375 0.6474609375 0.556640625 0.6376953125
36 0.5615234375 0.650390625 0.5556640625 0.650390625 0.4912109375 0.69921875 0.490234375 0.7099609375 0.5263671875 0.755859375 0.59765625 0.7021484375 0.5615234375 0.650390625
37 0.638671875 0.7509765625 0.6005859375 0.703125 0.5322265625 0.75390625 0.53125 0.7646484375 0.5673828125 0.810546875 0.638671875 0.7568359375 0.638671875 0.7509765625
38 0.6484375 0.7626953125 0.6376953125 0.7578125 0.5712890625 0.80859375 0.5703125 0.8173828125 0.6083984375 0.865234375 0.681640625 0.8076171875 0.6484375 0.7626953125
5 0.0927734375 0.361328125 0.052734375 0.4248046875 0.0498046875 0.439453125 0.1005859375 0.466796875 0.146484375 0.3896484375 0.0927734375 0.361328125
6 0.1474609375 0.396484375 0.140625 0.4013671875 0.1015625 0.4716796875 0.1533203125 0.501953125 0.197265625 0.4248046875 0.1474609375 0.396484375
7 0.251953125 0.4599609375 0.2041015625 0.4296875 0.1982421875 0.4296875 0.1875 0.4462890625 0.15625 0.5048828125 0.1943359375 0.529296875 0.2099609375 0.533203125 0.251953125 0.4599609375
8 0.2548828125 0.4609375 0.21484375 0.5263671875 0.2119140625 0.541015625 0.2646484375 0.5703125 0.310546875 0.4912109375 0.2548828125 0.4609375
12 0.35546875 0.3115234375 0.3173828125 0.2734375 0.2783203125 0.30859375 0.25390625 0.3369140625 0.2939453125 0.376953125 0.357421875 0.3193359375 0.35546875 0.3115234375
1 0.40234375 0.3642578125 0.3603515625 0.318359375 0.3505859375 0.326171875 0.298828125 0.3779296875 0.3125 0.3974609375 0.3408203125 0.423828125 0.40234375 0.3642578125
2 0.4052734375 0.365234375 0.3447265625 0.421875 0.34375 0.4267578125 0.3896484375 0.46875 0.451171875 0.4091796875 0.4052734375 0.365234375
4 0.6962890625 0.365234375 0.736328125 0.2861328125 0.6806640625 0.2578125 0.64453125 0.3212890625 0.638671875 0.3330078125 0.6416015625 0.33984375 0.6884765625 0.365234375 0.6962890625 0.365234375
31 0.68359375 0.2470703125 0.6298828125 0.21875 0.591796875 0.2822265625 0.5859375 0.2939453125 0.5888671875 0.30078125 0.6416015625 0.326171875 0.68359375 0.2470703125
44 0.6328125 0.2080078125 0.5791015625 0.177734375 0.541015625 0.2431640625 0.537109375 0.2509765625 0.5400390625 0.259765625 0.5908203125 0.28515625 0.6328125 0.2080078125
17 0.5302734375 0.1484375 0.5224609375 0.1484375 0.48828125 0.2060546875 0.48046875 0.2236328125 0.5341796875 0.25390625 0.578125 0.1767578125 0.5302734375 0.1484375
24 0.19921875 0.1259765625 0.1279296875 0.125 0.123046875 0.1298828125 0.099609375 0.1669921875 0.1552734375 0.201171875 0.1953125 0.1396484375 0.19921875 0.1259765625