13 0.603323828125 0.7537144078125 0.59459145 0.713045615625 0.5377881328125 0.725393053125 0.5468820296875 0.7679639 0.603323828125 0.7537144078125
18 0.5008535125 0.0932722109375 0.49420453125 0.1057620953125 0.5204352078125 0.12245158281249999 0.5522601234375 0.084179215625 0.5256679265625 0.065587671875 0.5008535125 0.0932722109375
19 0.6646107546875 0.1372708640625 0.626252396875 0.1095209640625 0.6142626140624999 0.120284753125 0.602939965625 0.1398331890625 0.6382943562500001 0.1623277171875 0.6478914 0.160073740625 0.6646107546875 0.1372708640625
20 0.677401840625 0.22566699687499997 0.6520060140624999 0.2028205484375 0.617956075 0.23466111875 0.6163422796875 0.2419945046875 0.6390956578125 0.261487640625 0.6483311828125 0.2573316078125 0.677401840625 0.22566699687499997
21 0.519365546875 0.354183921875 0.5245647203125 0.4026368953125 0.5609775828125 0.39905231875 0.5584767625 0.348972125 0.543177396875 0.3475979515625 0.519365546875 0.354183921875
25 0.3201383765625 0.366202890625 0.31852458125 0.3735362765625 0.3522092703125 0.40834472968749996 0.380445078125 0.382837078125 0.3463988703125 0.3461265734375 0.3201383765625 0.366202890625
25 0.55770900625 0.144495315625 0.56446606875 0.1905954390625 0.600517409375 0.1851088078125 0.5945392921875 0.1378322609375 0.565804065625 0.1396136546875 0.55770900625 0.144495315625
14 0.5124743171875 0.21770852187499998 0.5228204875 0.2510439265625 0.5627665515625 0.23967516875 0.5724195 0.23244065468750003 0.559374975 0.200732471875 0.5124743171875 0.21770852187499998
15 0.7465750890625 0.3733452546875 0.7449612953125 0.380678640625 0.771691390625 0.421094384375 0.807131503125 0.40184256874999996 0.7777589593750001 0.3580735109375 0.7465750890625 0.3733452546875
16 0.41413349843749997 0.349094453125 0.4043128328125 0.37127057343750003 0.45118367656249997 0.39106032968750004 0.4680148421875 0.35829638125 0.42498281718750003 0.337605034375 0.41413349843749997 0.349094453125
16 0.690241371875 0.44618475156250004 0.7032299921875 0.48287347187499996 0.7485727625 0.468250271875 0.7563063031249999 0.4614665546875 0.7409808499999999 0.4283071109375 0.690241371875 0.44618475156250004
14 0.3816787078125 0.716357025 0.3823458421875 0.7251416734375 0.41895250624999997 0.7384007593749999 0.44332340937500003 0.6820094296875 0.40713416875 0.6656718625 0.3816787078125 0.716357025
24 0.3420829921875 0.42363825781250003 0.28814574375 0.41941686562499997 0.2833043609375 0.44141702499999996 0.2816346609375 0.45373094687500004 0.285417571875 0.45780989375000003 0.3359334296875 0.45985439531249994 0.3420829921875 0.42363825781250003
21 0.5839881109375 0.804949240625 0.585016765625 0.8156359421875001 0.6267406109375 0.8505432671875001 0.655088228125 0.8150745468749999 0.6084410078125 0.7753626453125 0.5839881109375 0.804949240625
18 0.226713475 0.6394955515625 0.22738060937500001 0.6482801968749999 0.278146175 0.6621878265625 0.2935312609375 0.6218156578125 0.23970582343750002 0.60763319375 0.226713475 0.6394955515625
23 0.28752705624999997 0.5427538375000001 0.27308862968750003 0.567007975 0.3175667328125 0.59530754375 0.33979460625 0.5592891546875001 0.2975974296875 0.5324408453125 0.28752705624999997 0.5427538375000001
40 0.35554121250000004 0.5208190390625 0.3539274171875 0.528152425 0.38257692187500003 0.5681173734375 0.41537458593750004 0.54551224375 0.38600204374999997 0.5017431859375 0.35554121250000004 0.5208190390625
46 0.6175647375 0.2695248703125 0.5804288375 0.2693053359375 0.577395053125 0.3008157734375 0.5825122328125001 0.3224640109375 0.61430733125 0.32095745 0.6182020546875 0.3150753234375 0.6175647375 0.2695248703125
46 0.27630503125 0.757994434375 0.317835071875 0.7760580984375001 0.3271265 0.7669215296874999 0.339701425 0.7381376515625 0.33783792031250004 0.7336079125 0.2898266140625 0.713092525 0.26951815 0.7486601203125 0.26832177968750004 0.7529150265625 0.27630503125 0.757994434375
45 0.72503298125 0.5870357187499999 0.721861296875 0.59672195625 0.7566305453125 0.637236571875 0.788705171875 0.61082733125 0.751293475 0.5669594 0.72503298125 0.5870357187499999
47 0.8003110765624999 0.49782513906250003 0.7979742437499999 0.501354415625 0.8296277140624999 0.546574734375 0.8647063062499999 0.5254208640625 0.8326913156250001 0.478298490625 0.8003110765624999 0.49782513906250003
48 0.262470390625 0.4214730953125 0.2538498234375 0.3708432328125 0.21624059375 0.3786827140625 0.224861159375 0.4293125765625 0.262470390625 0.4214730953125
48 0.49016072031249996 0.29547325625 0.4892401484375 0.343376559375 0.5260145281249999 0.3416940375 0.5273525265625 0.2907122546875 0.5001751890625 0.2901407984375 0.49016072031249996 0.29547325625
49 0.3534689875 0.773649946875 0.3525782328125 0.78478744375 0.378473478125 0.8313601484375001 0.41474844062500005 0.8059513718750001 0.3858492265625 0.7541232984375 0.3534689875 0.773649946875
50 0.2938555234375 0.285942859375 0.2558847734375 0.2918802859375 0.2553555375 0.3049198390625 0.2603050015625 0.34150968593750003 0.2947984546875 0.3383759046875 0.2986931765625 0.33249377812500003 0.2938555234375 0.285942859375
42 0.6868125218750001 0.58111001875 0.6459235265625 0.54004573125 0.6188281828125 0.566279009375 0.657018825 0.6089705171875 0.6868125218750001 0.58111001875
43 0.33194552499999996 0.644585021875 0.331110675 0.6507419828125001 0.3790660765625 0.6762379046875 0.399374540625 0.640670309375 0.352977028125 0.6128215359375 0.33194552499999996 0.644585021875
43 0.27590252187500003 0.48686860625 0.25734948125 0.468375934375 0.229531096875 0.49080510312500003 0.22719426406249998 0.49433437968750005 0.25776317656250003 0.53384853125 0.2905608421875 0.5112434015625 0.27590252187500003 0.48686860625
52 0.444325990625 0.1492680453125 0.4389591015625 0.1157566796875 0.3906123640625 0.125124509375 0.3974812359375 0.1612635609375 0.444325990625 0.1492680453125
44 0.579388996875 0.4642718671875 0.5723784953125 0.474859696875 0.5996937296875 0.4972553515625 0.6372768718749999 0.45763059687499996 0.6096001171875 0.43333288750000004 0.579388996875 0.4642718671875
32 0.7111685234375 0.287280184375 0.678206871875 0.25627584375 0.6503884906249999 0.2787050125 0.650332584375 0.283685546875 0.6836557546875001 0.31659194375 0.7122530828125 0.29298635 0.7111685234375 0.287280184375
32 0.7841097687499999 0.713241696875 0.7428853421875 0.7020606265625 0.7308657421875 0.749590221875 0.7291960421875 0.7619041453125 0.7348983625 0.7655322953125 0.772339878125 0.7726344203125 0.7841097687499999 0.713241696875
33 0.6390471953125 0.6410088359375 0.63707188125 0.64644016875 0.661994378125 0.6773456359375001 0.70797819375 0.6397218109375 0.6830556984375 0.60881634375 0.6390471953125 0.6410088359375
34 0.792514171875 0.6466915484375 0.8125393796875 0.7045777109375 0.8494255703125001 0.6929341171875001 0.8499548062500001 0.679894565625 0.8313197718750001 0.6345971593749999 0.792514171875 0.6466915484375
34 0.47789885312499997 0.7056803828125 0.470746725 0.762995090625 0.5128060015625 0.7680192 0.5203755546875 0.7076260125 0.48215509531249995 0.7017003125 0.47789885312499997 0.7056803828125
38 0.6380409 0.7306584828125 0.6406274437499999 0.738992334375 0.667942678125 0.7613879890625 0.7067221906250001 0.7175083296875 0.6760414671875 0.68795525 0.6380409 0.7306584828125
33 0.5982737390625 0.5214324 0.598940875 0.530217046875 0.6258945890625001 0.5507106453125 0.6627546921875 0.5072817828125 0.6331585296875 0.48343486875 0.5982737390625 0.5214324
39 0.40625460156250004 0.4711561265625 0.4322653859375 0.43921668125 0.43699495937500005 0.42717759375000003 0.40656394531249995 0.409487640625 0.3770758625 0.44423073124999995 0.37546206875 0.45156411875 0.38038544375 0.4563686921875 0.40625460156250004 0.4711561265625
29 0.8351064140625001 0.5701250265625 0.8011720140625 0.5234534484375 0.76915329375 0.544882153125 0.800389340625 0.5931809515625 0.8351064140625001 0.5701250265625
28 0.308379671875 0.21994238125 0.3001728015625 0.2347851140625 0.338169640625 0.2606329578125 0.362205109375 0.2341248453125 0.3234852328125 0.20447289062500001 0.308379671875 0.21994238125
7 0.4868846859375 0.178018409375 0.4852708921875 0.18535179531249998 0.5029890828125 0.2100014265625 0.5469416796875 0.18278947031249998 0.52886196875 0.1562377828125 0.4868846859375 0.178018409375
8 0.5362898781250001 0.6542142890625 0.5186797671875001 0.6881546640625 0.5517532296875001 0.7091979328125 0.5829669156249999 0.657160384375 0.54989345625 0.6361171140625 0.5362898781250001 0.6542142890625
9 0.4712051546875 0.5174975703125 0.47103743906249995 0.532439178125 0.48071647500000003 0.5569899359375 0.5337927875 0.5355830187499999 0.5200252234375 0.5000707234374999 0.4712051546875 0.5174975703125
10 0.4519738078125 0.1842306703125 0.40326555 0.19169644375 0.4012902359375 0.197127775 0.408215015625 0.228286290625 0.43964859375 0.22487767500000003 0.45734069843749997 0.21774203593750002 0.4519738078125 0.1842306703125
10 0.26829570937499997 0.2094869390625 0.261956071875 0.1603083359375 0.2258488265625 0.1707755046875 0.23224436874999999 0.21497357187500002 0.26829570937499997 0.2094869390625
11 0.676809240625 0.380789240625 0.6818146109375001 0.41239855312499996 0.72170476875 0.4060103296875 0.710803275 0.35392920625 0.6758923968749999 0.36014146875 0.676809240625 0.380789240625
12 0.5295067265625 0.576328896875 0.527837028125 0.5886428203125 0.563303228125 0.6011762765625 0.584558353125 0.5494906484375 0.5487306328125 0.5350551359375 0.5295067265625 0.576328896875
12 0.7479578046875 0.5230361671875 0.727123834375 0.5030922359375001 0.6873156703125 0.5362851953125001 0.68534035625 0.541716525 0.7095398125 0.56881788125 0.754327259375 0.5354489640625 0.7479578046875 0.5230361671875
1 0.37864121093750003 0.304775725 0.33711116875 0.28671206250000003 0.321949703125 0.30716208906250003 0.31836059375 0.31992680625 0.363312028125 0.3401673578125 0.3805047140625 0.30930546406250004 0.37864121093750003 0.304775725
2 0.4214533421875 0.2768381375 0.42020106874999996 0.28607357968749997 0.44236930625 0.323586803125 0.47589000937500003 0.30478578437500004 0.45071780468749995 0.2620171890625 0.4214533421875 0.2768381375
2 0.4154826671875 0.6041022500000001 0.413507353125 0.60953358125 0.44516082343749996 0.6547539 0.47759696875 0.6302467140625 0.445581978125 0.583124340625 0.4154826671875 0.6041022500000001
1 0.5932199234375 0.3577014703125 0.5942485765625001 0.36838817343749997 0.609685840625 0.39158654375 0.6574772546875 0.363472996875 0.6386745046875 0.3331171984375 0.5932199234375 0.3577014703125
4 0.4514855625 0.46649399843749995 0.45023328593749995 0.475729440625 0.4663935890625 0.5027319234375 0.5145465234375 0.47652043125 0.49730166249999996 0.44381178125 0.4514855625 0.46649399843749995
40 0.4509078625 0.8590547468749999 0.4492381640625 0.87136866875 0.48854317968750005 0.8830005359375 0.5076291859375 0.8199025750000001 0.46832417031249995 0.8082707093750001 0.4509078625 0.8590547468749999