36 0.2626953125 0.427734375 0.2763671875 0.48828125 0.365234375 0.4638671875 0.3486328125 0.40625 0.2626953125 0.427734375
28 0.5419921875 0.25390625 0.5322265625 0.255859375 0.5068359375 0.27734375 0.494140625 0.2939453125 0.5498046875 0.353515625 0.595703125 0.3154296875 0.5419921875 0.25390625
30 0.814453125 0.4638671875 0.7314453125 0.4296875 0.71484375 0.4658203125 0.708984375 0.4833984375 0.7119140625 0.490234375 0.7919921875 0.51953125 0.814453125 0.4638671875
13 0.4833984375 0.60546875 0.470703125 0.5166015625 0.4130859375 0.5234375 0.408203125 0.5302734375 0.419921875 0.6123046875 0.4287109375 0.615234375 0.4833984375 0.60546875
18 0.6201171875 0.435546875 0.5703125 0.4951171875 0.56640625 0.5048828125 0.6162109375 0.541015625 0.669921875 0.4716796875 0.6201171875 0.435546875
19 0.4658203125 0.392578125 0.458984375 0.3994140625 0.443359375 0.4501953125 0.5263671875 0.4765625 0.544921875 0.4208984375 0.4658203125 0.392578125
21 0.5625 0.5869140625 0.5 0.5888671875 0.501953125 0.6787109375 0.5634765625 0.6796875 0.56640625 0.6318359375 0.5625 0.5869140625
40 0.2763671875 0.53125 0.271484375 0.5556640625 0.26953125 0.6220703125 0.3349609375 0.623046875 0.337890625 0.5322265625 0.2763671875 0.53125
46 0.3583984375 0.265625 0.34765625 0.2998046875 0.337890625 0.3466796875 0.3974609375 0.361328125 0.41796875 0.2783203125 0.3583984375 0.265625
48 0.4208984375 0.689453125 0.3486328125 0.734375 0.341796875 0.7431640625 0.3759765625 0.796875 0.455078125 0.7451171875 0.4208984375 0.689453125
52 0.734375 0.5751953125 0.6943359375 0.525390625 0.6337890625 0.5703125 0.625 0.5810546875 0.6630859375 0.62890625 0.6748046875 0.625 0.734375 0.5751953125