18 0.46056638593750004 0.30255221875 0.381408375 0.26588432968750003 0.3503404953125 0.3134533703125 0.3546279734375 0.32159699218750004 0.4317282609375 0.3619058109375 0.46395597187500004 0.3076581421875 0.46056638593750004 0.30255221875
22 0.41477799062500004 0.8452876765624999 0.41906546875000006 0.853431296875 0.5180970515625 0.9234061703125 0.559483528125 0.8492518890625 0.45659842968750003 0.7768425437500001 0.41477799062500004 0.8452876765624999
23 0.45639643124999996 0.76979766875 0.45796025625 0.7772087937500001 0.5601794265625 0.8452447125000001 0.5972484546875 0.771327409375 0.49502928593749995 0.7032914906250001 0.45639643124999996 0.76979766875
25 0.8889803687500001 0.51144284375 0.8990070609374999 0.50295453125 0.9241936687500001 0.44821134375 0.8148734578125 0.396441109375 0.784007575 0.45105502656249996 0.7828477453125 0.45773365468750005 0.787831121875 0.4618700984375 0.8889803687500001 0.51144284375
14 0.287761809375 0.7230471265625 0.2014206359375 0.6620776390625001 0.16417957968750002 0.720569465625 0.165279471875 0.730652040625 0.24776713125 0.7891870562500001 0.2541423046875 0.78530915 0.287761809375 0.7230471265625
15 0.2050721546875 0.6574672359375 0.2104894953125 0.6673128312500001 0.28958756874999997 0.720741925 0.32958224999999997 0.6546019937499999 0.2423132109375 0.598975409375 0.2050721546875 0.6574672359375
16 0.329814215625 0.65326626875 0.3341316640625 0.6530292890625 0.3693449625 0.5897977890625 0.2816119921875 0.5368426562499999 0.24642866093750002 0.591693553125 0.24526883281249998 0.59837218125 0.2513820703125 0.6042106 0.329814215625 0.65326626875
17 0.3748222421875 0.5828821828125 0.405920090625 0.5269325390625 0.390969959375 0.5145232046875 0.3165933265625 0.47494688281249997 0.282307890625 0.5328354796875 0.28297381875 0.5372089046874999 0.36844706875 0.586760090625 0.3748222421875 0.5828821828125
45 0.3960809984375 0.41942815937500005 0.42990250156250004 0.3642110140625 0.42538305625 0.3574031171875 0.346688975 0.318063775 0.31243350937500003 0.367571771875 0.313997334375 0.3749828953125 0.32555788125 0.3822863078125 0.3960809984375 0.41942815937500005
5 0.4930260625 0.246968825 0.4161277734375 0.21370488124999998 0.3834661015625 0.2622434 0.38549385625 0.2669830734375 0.4669115921875 0.30705491406249996 0.4975455078125 0.253776721875 0.4930260625 0.246968825
6 0.5264945484375 0.481065546875 0.5335056828125 0.48994166562499997 0.6221665171875 0.537553896875 0.656915884375 0.47699384843750003 0.5605480171874999 0.42451267656249997 0.5264945484375 0.481065546875
46 0.49151321406250004 0.5429613203125 0.4942069 0.55207441875 0.58625731875 0.604792571875 0.6219345515625 0.538889621875 0.5255666828125001 0.4864084484375 0.49151321406250004 0.5429613203125
26 0.56260574375 0.42087174687499995 0.5684870156249999 0.4280458921875 0.65874164375 0.47468864687499995 0.6923611515625 0.4124266234375 0.5977890734375 0.36602085 0.56260574375 0.42087174687499995
33 0.5987169390625 0.360677946875 0.6018745562500001 0.36711959375 0.6937229781250001 0.4127928734375 0.7268785515625 0.353202303125 0.6307126828125 0.307766003125 0.5987169390625 0.360677946875
12 0.85170934375 0.5783152703125001 0.748300375 0.5253385781250001 0.711725246875 0.5882038281249999 0.722589896875 0.59951441875 0.8228112796874999 0.6544300640625 0.85895244375 0.5858556640625 0.85170934375 0.5783152703125001
52 0.89260191875 0.5152130406250001 0.7810219843749999 0.4600388578125 0.7496921703125 0.5173242250000001 0.7512559953125 0.52473535 0.76281654375 0.5320387640625001 0.859648340625 0.5818484859375 0.89260191875 0.5152130406250001