22 0.1300821171875 0.318923575 0.04151505625 0.3228203265625 0.0274594390625 0.41758299374999996 0.02659764375 0.43070187187500003 0.030671871875 0.43490441406249997 0.09039562031250001 0.4330070046875 0.1198761703125 0.42792955 0.1300821171875 0.318923575
20 0.45175811093749996 0.6339210265624999 0.5305522734375 0.62648056875 0.5272610640625001 0.5110231921875 0.4491041359375 0.5153855359375 0.44698394218750004 0.6271287921875001 0.45175811093749996 0.6339210265624999
34 0.2747333265625 0.5605819890625 0.2760442421875 0.5273815828124999 0.2733071890625 0.52269061875 0.1844528609375 0.5309603296875001 0.1740223515625 0.6500070703125 0.1757722015625 0.6564813015625 0.1804836671875 0.6576057296875 0.26730087812500003 0.6472347468749999 0.2747333265625 0.5605819890625
36 0.21934912031249998 0.3176165140625 0.210067671875 0.41917141718749995 0.217516190625 0.424986809375 0.2943359421875 0.4211128875 0.2998829453125 0.376406453125 0.2991931921875 0.3140605953125 0.21934912031249998 0.3176165140625
29 0.695506040625 0.7312595734375 0.7014919749999999 0.726227778125 0.6946019156250001 0.6191983140625 0.69046498125 0.6093279671875 0.6170195171875 0.614814740625 0.612720728125 0.6206529625 0.6176363765625 0.731248959375 0.6193862265625001 0.7377231890625 0.624097690625 0.7388476203125001 0.695506040625 0.7312595734375
7 0.3652485390625 0.5204067171875 0.3601667296875 0.6374997734375001 0.366915309375 0.640725475 0.445709471875 0.6332850171875 0.4477669609375 0.51587395625 0.42525955 0.514136346875 0.3652485390625 0.5204067171875
9 0.21632479999999998 0.317298509375 0.1331064359375 0.3192415796875 0.121150640625 0.4217733234375 0.121913284375 0.43003082031249995 0.1249376046875 0.430348825 0.2071060578125 0.42452121875 0.2113421421875 0.41301519062500003 0.21632479999999998 0.317298509375
2 0.77859899375 0.7179808953125 0.76833464375 0.6093385812500001 0.7629232406249999 0.605624459375 0.695876384375 0.6130420875 0.7003793593750001 0.7166754328125 0.702541884375 0.7301123171875 0.7055662046875 0.7304303203125 0.7699387093750001 0.723989534375 0.77859899375 0.7179808953125
47 0.3098862875 0.5221337109374999 0.2760442421875 0.5273815828124999 0.2691498796875 0.632332603125 0.2689880234375 0.6480411734375 0.2740494578125 0.6504604484375001 0.35819232031250003 0.6410663078125001 0.3639113640625 0.5208951390625 0.3098862875 0.5221337109374999
41 0.5188660921875 0.26796640156249996 0.45914234374999996 0.2698638125 0.45607139218750004 0.3563461546875 0.45753397656250006 0.36719334375 0.4639325859375 0.3691241984375 0.53202935 0.3655911078125 0.5316633078125 0.2718281109375 0.5188660921875 0.26796640156249996
42 0.5356748328125 0.27036284843749997 0.5314387484374999 0.281868875 0.5346511828125 0.29919029531249997 0.5330165546875001 0.3638078421875 0.537090784375 0.368010384375 0.6051875484375 0.3644772953125 0.6004600140624999 0.27088471406250003 0.5356748328125 0.27036284843749997
43 0.6034843328124999 0.2712027171875 0.6054748140624999 0.360104334375 0.6129233328125 0.365919728125 0.6749714578125 0.3617506296875 0.6682695125 0.2717245828125 0.657159440625 0.2686692984375 0.6034843328124999 0.2712027171875
44 0.6793329515625001 0.3615802125 0.7430682234375 0.3582175390625 0.7453298984375001 0.3502780453125 0.7329919890625 0.26657864062500003 0.6705938921875 0.26945289375 0.6793329515625001 0.3615802125
26 0.8400929640625 0.6030453828125 0.8329944156250001 0.5985248359375 0.768621909375 0.604965621875 0.77859899375 0.7179808953125 0.7826732234375 0.7221834375 0.848732871875 0.7165490765625 0.8530316609374999 0.7107108546875 0.8400929640625 0.6030453828125