19 0.5364930234374999 0.4693607375 0.5426555125 0.459818971875 0.5646717171875 0.33020706093749996 0.543649115625 0.32305984374999996 0.4700946703125 0.3119626734375 0.461473759375 0.3290326359375 0.43759182343749997 0.4519190609375 0.5364930234374999 0.4693607375
22 0.6067004796875 0.33522276875 0.6147067859375 0.32003485781249996 0.6355047375 0.2003728609375 0.6280801625 0.1951212765625 0.5390729171875 0.1815888046875 0.5108832640625 0.314556665625 0.518307840625 0.3198082484375 0.6067004796875 0.33522276875
24 0.23886705 0.5940026359374999 0.2648393671875 0.6046509062500001 0.3421033625 0.616827415625 0.3562447609375 0.5766332000000001 0.3783047984375 0.47176454999999995 0.371494828125 0.46463091875 0.279392640625 0.44813706093750005 0.267698703125 0.47461726562499995 0.23886705 0.5940026359374999
17 0.56458311875 0.62900824375 0.5924102109375 0.6401961843749999 0.662880671875 0.6545177828125001 0.6708979359375 0.6455156859375 0.6972273359375001 0.5089152484375 0.6860932109375 0.502584328125 0.6020247249999999 0.4863670953125 0.5921746031249999 0.5072011546875 0.56458311875 0.62900824375
7 0.47866533906250003 0.6153442499999999 0.5608790499999999 0.6310218140625 0.5651977234375 0.6271261953125 0.59646588125 0.487840996875 0.499408496875 0.4647531765625 0.49140219218750003 0.47994108750000003 0.461966890625 0.607394321875 0.47866533906250003 0.6153442499999999
9 0.37235052031250004 0.59883680625 0.458262821875 0.6094078921875 0.4858159515625 0.46595044999999996 0.4765366015625 0.4601591984375 0.38752935625 0.4466267265625 0.3813668671875 0.4561684921875 0.3550374671875 0.5927689296875001 0.37235052031250004 0.59883680625
1 0.566169409375 0.4779954375 0.6397238546875 0.489092609375 0.666047775 0.34939926250000003 0.65491365 0.34306834375 0.5696159546875 0.3306152078125 0.564682675 0.336392875 0.5414372609375 0.469768884375 0.566169409375 0.4779954375
28 0.44413878906250004 0.31059312499999997 0.5053244203125 0.316030565625 0.5335140734375 0.18306270625 0.5223799484375 0.17673178437499998 0.4376968578125 0.1623966 0.4309197625 0.17382041406249998 0.4064232203125 0.298588890625 0.44413878906250004 0.31059312499999997
31 0.31212561562499996 0.43808279375000003 0.32387434531250003 0.44253166562499996 0.4128706328125 0.4498783234375 0.420251375 0.43038664375 0.435485003125 0.309105640625 0.41817194999999996 0.3030377625 0.337823971875 0.29408568281249997 0.3310468765625 0.305509496875 0.31212561562499996 0.43808279375000003
47 0.6428133203125 0.4889610859375 0.6502378953125 0.4942126703125 0.739245140625 0.5077451421875 0.7460222359375 0.49632132812499996 0.7668092296875 0.37047351562499997 0.7599992578125 0.36333988437500003 0.6703719296874999 0.34859655312500004 0.665444128125 0.35746712812500003 0.6428133203125 0.4889610859375
43 0.34729416562500004 0.7564164078125 0.44309494374999997 0.7678037890625 0.4724918890625 0.6187001999999999 0.4557934421875 0.6107502734375 0.37235052031250004 0.59883680625 0.363729609375 0.6159067671875 0.338014815625 0.75062515625 0.34729416562500004 0.7564164078125