45 0.197265625 0.2177734375 0.1953125 0.3310546875 0.2744140625 0.333984375 0.279296875 0.2197265625 0.197265625 0.2177734375
46 0.361328125 0.2216796875 0.279296875 0.2197265625 0.27734375 0.3310546875 0.2822265625 0.3359375 0.3583984375 0.3359375 0.361328125 0.2216796875
47 0.3642578125 0.216796875 0.361328125 0.3330078125 0.4404296875 0.3359375 0.443359375 0.2197265625 0.3642578125 0.216796875
48 0.52734375 0.2197265625 0.4453125 0.2177734375 0.443359375 0.3330078125 0.5224609375 0.3359375 0.52734375 0.2958984375 0.52734375 0.2197265625
5 0.68359375 0.3134765625 0.68359375 0.4248046875 0.7666015625 0.42578125 0.767578125 0.3134765625 0.68359375 0.3134765625
6 0.84765625 0.3115234375 0.7685546875 0.310546875 0.76953125 0.4248046875 0.8486328125 0.42578125 0.8515625 0.3994140625 0.84765625 0.3115234375
7 0.8505859375 0.310546875 0.8515625 0.4228515625 0.9326171875 0.423828125 0.9296875 0.3095703125 0.8505859375 0.310546875
39 0.3134765625 0.453125 0.2939453125 0.453125 0.2890625 0.4580078125 0.2890625 0.5712890625 0.3701171875 0.572265625 0.375 0.4580078125 0.3134765625 0.453125
28 0.4248046875 0.455078125 0.375 0.4580078125 0.373046875 0.5712890625 0.4541015625 0.572265625 0.45703125 0.4599609375 0.4248046875 0.455078125
29 0.45703125 0.4580078125 0.45703125 0.5712890625 0.5361328125 0.572265625 0.5390625 0.4580078125 0.45703125 0.4580078125
30 0.5419921875 0.45703125 0.5390625 0.5712890625 0.6201171875 0.57421875 0.62109375 0.4580078125 0.5419921875 0.45703125
19 0.765625 0.6806640625 0.6845703125 0.677734375 0.6796875 0.6826171875 0.681640625 0.7958984375 0.7626953125 0.798828125 0.765625 0.6806640625
20 0.7666015625 0.677734375 0.765625 0.7939453125 0.8486328125 0.796875 0.84765625 0.6787109375 0.7666015625 0.677734375
21 0.9287109375 0.677734375 0.8505859375 0.677734375 0.8515625 0.7958984375 0.9326171875 0.796875 0.93359375 0.6826171875 0.9287109375 0.677734375
41 0.162109375 0.6318359375 0.080078125 0.6318359375 0.078125 0.7451171875 0.0849609375 0.75 0.1591796875 0.748046875 0.162109375 0.6318359375
42 0.1640625 0.6318359375 0.1640625 0.7470703125 0.2431640625 0.748046875 0.24609375 0.6298828125 0.1640625 0.6318359375
43 0.3291015625 0.74609375 0.33203125 0.6279296875 0.2509765625 0.626953125 0.24609375 0.6318359375 0.24609375 0.7431640625 0.2509765625 0.748046875 0.3291015625 0.74609375