18 0.5888671875 0.36328125 0.5439453125 0.39453125 0.546875 0.4072265625 0.5888671875 0.466796875 0.634765625 0.4345703125 0.5888671875 0.36328125
19 0.29296875 0.6826171875 0.3017578125 0.74609375 0.390625 0.7294921875 0.3818359375 0.66796875 0.29296875 0.6826171875
21 0.341796875 0.1787109375 0.2783203125 0.158203125 0.2578125 0.2275390625 0.255859375 0.2431640625 0.2607421875 0.248046875 0.3193359375 0.263671875 0.341796875 0.1787109375
22 0.6875 0.8466796875 0.6748046875 0.84375 0.6318359375 0.849609375 0.6328125 0.9326171875 0.6396484375 0.935546875 0.6884765625 0.927734375 0.6875 0.8466796875
23 0.576171875 0.3330078125 0.5166015625 0.271484375 0.4921875 0.2939453125 0.474609375 0.3134765625 0.4765625 0.3193359375 0.5380859375 0.375 0.576171875 0.3330078125
24 0.4228515625 0.177734375 0.390625 0.2451171875 0.3916015625 0.259765625 0.4443359375 0.283203125 0.478515625 0.2060546875 0.4228515625 0.177734375
25 0.498046875 0.3837890625 0.4462890625 0.34765625 0.40234375 0.4111328125 0.400390625 0.4189453125 0.4072265625 0.42578125 0.4501953125 0.453125 0.498046875 0.3837890625
46 0.671875 0.6982421875 0.671875 0.6904296875 0.5986328125 0.658203125 0.578125 0.7001953125 0.5791015625 0.71484375 0.6416015625 0.744140625 0.6494140625 0.744140625 0.671875 0.6982421875
48 0.2197265625 0.630859375 0.1767578125 0.662109375 0.166015625 0.6767578125 0.2255859375 0.7421875 0.27734375 0.7001953125 0.2197265625 0.630859375
49 0.4326171875 0.73046875 0.3505859375 0.7578125 0.3515625 0.7744140625 0.3662109375 0.818359375 0.451171875 0.7900390625 0.4326171875 0.73046875
51 0.7158203125 0.361328125 0.6875 0.4306640625 0.6884765625 0.44140625 0.7373046875 0.458984375 0.765625 0.3837890625 0.7158203125 0.361328125
52 0.3701171875 0.443359375 0.2861328125 0.46875 0.28515625 0.4775390625 0.3056640625 0.529296875 0.392578125 0.5009765625 0.3701171875 0.443359375
41 0.5947265625 0.740234375 0.564453125 0.8037109375 0.5615234375 0.822265625 0.6103515625 0.841796875 0.646484375 0.7646484375 0.5947265625 0.740234375
41 0.603515625 0.5966796875 0.5732421875 0.55078125 0.5615234375 0.5546875 0.5107421875 0.59375 0.505859375 0.5986328125 0.5078125 0.6064453125 0.5380859375 0.646484375 0.603515625 0.5966796875
5 0.6005859375 0.16796875 0.5556640625 0.19140625 0.55078125 0.2001953125 0.5927734375 0.271484375 0.642578125 0.2412109375 0.6005859375 0.16796875
7 0.5009765625 0.806640625 0.4208984375 0.822265625 0.416015625 0.8271484375 0.4267578125 0.884765625 0.51171875 0.8662109375 0.5009765625 0.806640625
8 0.55859375 0.1220703125 0.5009765625 0.10546875 0.4921875 0.1396484375 0.484375 0.1904296875 0.5419921875 0.205078125 0.546875 0.1962890625 0.55859375 0.1220703125
12 0.47265625 0.6044921875 0.4267578125 0.5390625 0.3798828125 0.568359375 0.375 0.5771484375 0.4228515625 0.64453125 0.47265625 0.6103515625 0.47265625 0.6044921875
1 0.5185546875 0.68359375 0.51171875 0.6865234375 0.5078125 0.6982421875 0.490234375 0.7685546875 0.5458984375 0.783203125 0.568359375 0.6982421875 0.5185546875 0.68359375
4 0.56640625 0.9482421875 0.56640625 0.9423828125 0.5107421875 0.888671875 0.4921875 0.9033203125 0.466796875 0.9306640625 0.466796875 0.9365234375 0.5263671875 0.990234375 0.56640625 0.9482421875
3 0.2041015625 0.123046875 0.1982421875 0.123046875 0.15625 0.1669921875 0.138671875 0.1904296875 0.1904296875 0.234375 0.25390625 0.1708984375 0.2041015625 0.123046875
33 0.6767578125 0.1015625 0.705078125 0.0537109375 0.6396484375 0.00390625 0.62109375 0.0283203125 0.609375 0.0478515625 0.609375 0.0556640625 0.6650390625 0.09765625 0.6767578125 0.1015625
35 0.740234375 0.5068359375 0.6845703125 0.453125 0.6787109375 0.453125 0.65234375 0.4833984375 0.64453125 0.4970703125 0.7021484375 0.548828125 0.7109375 0.5439453125 0.740234375 0.5068359375
39 0.263671875 0.4443359375 0.2578125 0.4306640625 0.2099609375 0.3671875 0.1611328125 0.396484375 0.154296875 0.4033203125 0.15625 0.4072265625 0.2080078125 0.478515625 0.263671875 0.4443359375
38 0.7734375 0.6181640625 0.7548828125 0.603515625 0.701171875 0.6572265625 0.7373046875 0.69921875 0.79296875 0.6455078125 0.7734375 0.6181640625
29 0.37109375 0.0791015625 0.3466796875 0.02734375 0.2900390625 0.044921875 0.296875 0.0712890625 0.3271484375 0.134765625 0.3828125 0.1162109375 0.37109375 0.0791015625
31 0.552734375 0.4853515625 0.5087890625 0.447265625 0.4609375 0.5009765625 0.455078125 0.5107421875 0.4931640625 0.546875 0.5009765625 0.548828125 0.552734375 0.4853515625
16 0.69921875 0.2470703125 0.6474609375 0.23046875 0.63671875 0.2626953125 0.626953125 0.3134765625 0.6806640625 0.328125 0.689453125 0.3037109375 0.69921875 0.2470703125