13 0.19690713437500001 0.595298353125 0.1772383421875 0.55399891875 0.1141449515625 0.580522603125 0.1101291796875 0.587584165625 0.1256803046875 0.6271128625 0.14460144531250002 0.6222981515625 0.19690713437500001 0.595298353125
18 0.28443894687500004 0.36928551718749997 0.2232521671875 0.3554619984375 0.21021778906250002 0.3845481515625 0.208992553125 0.390496984375 0.2163771015625 0.3950602484375 0.27041750468750003 0.40627313125000003 0.28443894687500004 0.36928551718749997
19 0.3781901390625 0.51413845625 0.3247967328125 0.48423918125 0.31302196718749997 0.491664525 0.2950191328125 0.520001728125 0.35470812500000004 0.5535334265625 0.377203075 0.5220399171875 0.3781901390625 0.51413845625
20 0.221447453125 0.40464150156249995 0.21562820781249997 0.4049143375 0.17506290625 0.44020076875 0.17104713437500002 0.44726233281249994 0.204566715625 0.474165803125 0.2508493671875 0.42977423437500006 0.221447453125 0.40464150156249995
21 0.2791954578125 0.4942323796875 0.285014703125 0.4939595453125 0.321360440625 0.448070071875 0.3154393 0.43951060468750003 0.2803200375 0.42348301250000003 0.24373612812499998 0.4674198546875 0.2455396 0.4742085828125 0.2791954578125 0.4942323796875
22 0.6782766203125 0.319399696875 0.6251213843750001 0.29145305 0.6186895203125 0.2947003015625 0.6019119203125001 0.317088671875 0.6026264343750001 0.322946559375 0.6577214171875 0.3508022609375 0.6782766203125 0.319399696875
23 0.664047659375 0.50662740625 0.6070473078124999 0.463150671875 0.5861520375 0.483768303125 0.578494940625 0.4929643859375 0.5792094546875 0.49882227500000004 0.63185396875 0.5385756390625 0.664047659375 0.50662740625
24 0.3065925890625 0.3829753109375 0.3008752390625 0.3920804484375 0.3305153234375 0.41916580937500003 0.3794522359375 0.38054118125 0.34981215312499997 0.353455821875 0.3065925890625 0.3829753109375
25 0.3088048875 0.36912501875000003 0.335893846875 0.34330750625 0.329734534375 0.33279540937499996 0.291722840625 0.30904824531249997 0.2650083265625 0.3299387125 0.26075438281249996 0.335047646875 0.2631704734375 0.3388619609375 0.3088048875 0.36912501875000003
14 0.4518011640625 0.389913771875 0.44598191875 0.3901866078125 0.4422043171875 0.39920079999999997 0.436281934375 0.44660956562500004 0.48099804375 0.45335013125 0.4906980265625 0.396927171875 0.4518011640625 0.389913771875
15 0.4189310625 0.23238744374999998 0.42097270625 0.24112879999999998 0.44043770625 0.264763628125 0.489340240625 0.24185097656250001 0.46722097968750004 0.21244920937499998 0.4189310625 0.23238744374999998
16 0.5076475234375 0.29597891875000004 0.5205456265625 0.2737724375 0.5187421546875 0.266983709375 0.46980648125 0.249640103125 0.4582698890625 0.259018078125 0.44925128125 0.28104266718750004 0.4995140828125 0.3012697421875 0.5076475234375 0.29597891875000004
17 0.528849721875 0.2458899625 0.5311295359375 0.2565839484375 0.5766620546875 0.278014703125 0.5996333468749999 0.2504264515625 0.5467162812499999 0.22443243281249997 0.528849721875 0.2458899625
40 0.2796693171875 0.610074103125 0.2901181921875 0.5437970546875001 0.28467339375 0.5391428453125 0.23958283906250002 0.5373293265625 0.228930171875 0.5859417687499999 0.22671787187499998 0.5997920625 0.2304610953125 0.6064898453125 0.2796693171875 0.610074103125
45 0.1783285421875 0.498961528125 0.1760143484375 0.5039795171875 0.191327303125 0.5415555828125 0.2576875703125 0.517824428125 0.239958528125 0.47643404843750004 0.1783285421875 0.498961528125
46 0.42715770781250006 0.6277065515625 0.3562721859375 0.6143377578125 0.3441904921875 0.651234428125 0.3439179421875 0.6649937765625 0.34912456875000003 0.66769535625 0.41892113125 0.68013330625 0.42715770781250006 0.6277065515625
47 0.3824784625 0.49331754375000003 0.38234218750000004 0.50019721875 0.40129646562500004 0.535638765625 0.46353906718750004 0.51013686875 0.4419305265625 0.46892838125 0.3824784625 0.49331754375000003
48 0.34698599531249996 0.4262487640625 0.35164752187500004 0.45646904062500004 0.3580450046875 0.46893376406250004 0.4214784609375 0.45319501406249996 0.409806834375 0.41348442968750004 0.34698599531249996 0.4262487640625
49 0.53370635 0.6855524749999999 0.5352372734374999 0.7061005515625001 0.5870997578125 0.7154517515625 0.594418028125 0.639502503125 0.5414665859375 0.6292204609375001 0.53370635 0.6855524749999999
50 0.7333666375 0.5711283328125 0.6861669218750001 0.536029175 0.666735059375 0.552650603125 0.6544495734375 0.5718826671875 0.7138660171875 0.6191737140625 0.7458215359375 0.58527285 0.7333666375 0.5711283328125
51 0.669698734375 0.41700975468749996 0.6602381640625 0.419417109375 0.6408063 0.4360385375 0.6350889515625 0.445143675 0.6860318890625 0.486940615625 0.71894009375 0.46085026874999996 0.669698734375 0.41700975468749996
52 0.6940990515625 0.40113727812500005 0.6676239515625 0.368012140625 0.6137529625 0.3901758390625 0.6138548578125 0.39900814218749997 0.63597411875 0.4284099109375 0.6825624578125 0.410515253125 0.6940990515625 0.40113727812500005
41 0.386769265625 0.3605601671875 0.3900017671875 0.37906466875 0.45108665 0.384055884375 0.45323143125 0.3456613125 0.3910575890625 0.3397392546875 0.386769265625 0.3605601671875
42 0.31748466875000003 0.28034726249999997 0.3216698546875 0.30666228125 0.327829165625 0.317174378125 0.3856815484375 0.3036610921875 0.37472443437499997 0.26980839218749997 0.31748466875000003 0.28034726249999997
43 0.5265342859375 0.30687618437499997 0.5285759296875 0.31561754375 0.5852705953124999 0.3325973671875 0.5975904609375 0.297653328125 0.5398068359375 0.2797426609375 0.5265342859375 0.30687618437499997
44 0.5998371390624999 0.26809105781250003 0.602355125 0.2807376734375 0.6404011984375 0.2887728609375 0.6534699578125001 0.24397472968749997 0.6121570046875 0.2331470171875 0.5998371390624999 0.26809105781250003
27 0.2310037125 0.6909076171875 0.24723745468749997 0.640069709375 0.1750248015625 0.6238174453124999 0.159403678125 0.6716809375 0.2310037125 0.6909076171875
32 0.3632491484375 0.5835718109375 0.3139390328125 0.5711552515625 0.2911371515625 0.6321200828125 0.28991191875 0.638068915625 0.2972964640625 0.6426321796875001 0.34139995624999997 0.652347159375 0.3632491484375 0.5835718109375
33 0.5306813671875 0.5168078796875 0.5462681109374999 0.4846563640625 0.542524890625 0.47795858124999996 0.484877540625 0.4531682390625 0.4662620875 0.48447985937500004 0.46854190156250003 0.4951738453125 0.5223097546875 0.520146075 0.5306813671875 0.5168078796875
34 0.5669902421875 0.59856685 0.610311703125 0.5778796640625 0.611775109375 0.5738834609375 0.5727432125 0.5177815031249999 0.5336756953124999 0.533359753125 0.5294217515625 0.5384686890625 0.5320760140624999 0.5442356296875 0.5669902421875 0.59856685
35 0.569477575 0.4590207421875 0.5963283640625 0.4312506015625 0.5495030953125 0.39122439999999997 0.5436838484375001 0.3914972359375 0.51720750625 0.41434033125 0.51707123125 0.42122000625 0.5636583296875 0.45929357812499993 0.569477575 0.4590207421875
36 0.4496170359375 0.667893253125 0.4485268359375 0.7229306453125 0.5027035140625 0.7272638546875 0.5061422890625 0.651496496875 0.45366718749999996 0.6451197125 0.4496170359375 0.667893253125
37 0.7065514687500001 0.5272182640625 0.7064151953125 0.5340979375 0.7493265874999999 0.59001800625 0.7924098765625 0.5673781906250001 0.7470823921874999 0.507643809375 0.7065514687500001 0.5272182640625
38 0.7727386 0.6380152234375001 0.8322913203125 0.6784265953124999 0.840424759375 0.6731357703125 0.8613544078125001 0.6368061625 0.7944171421874999 0.591831525 0.7862837015624999 0.59712235 0.7665792890625001 0.6275031265625 0.7651158828125 0.6314993296875 0.7727386 0.6380152234375001
39 0.8146335171875 0.493675796875 0.79860605 0.45024184375000004 0.7311912 0.45733018281250004 0.7463678796875 0.501785921875 0.8146335171875 0.493675796875
28 0.54099645 0.3454740390625 0.5402819359375 0.33961615156249997 0.5118327093749999 0.3222939359375 0.5018957953125 0.3207960328125 0.476133965625 0.3494970140625 0.4687150390625 0.360645728125 0.505875946875 0.3854146796875 0.54099645 0.3454740390625
29 0.7470861156249999 0.339739109375 0.708223634375 0.3170137328125 0.6745665359374999 0.3529581703125 0.6731031296875 0.35695437343749997 0.6807258484375 0.363470265625 0.712203784375 0.38163237968749997 0.7470861156249999 0.339739109375
30 0.4105582109375 0.291693871875 0.4150834625 0.328793821875 0.46163742343749997 0.3266111390625 0.4775298546875 0.32095653281250003 0.4685124890625 0.2870128875 0.4105582109375 0.291693871875
31 0.673513196875 0.28034711875 0.6769838671875 0.30080425 0.71673151875 0.3067958625 0.7215649421875 0.25845625625 0.67878858125 0.2516247453125 0.673513196875 0.28034711875
0 0.164478996875 0.4573892578125 0.11707424687500001 0.4605937296875 0.1135004390625 0.487272528125 0.11247899531250001 0.5108859671875 0.11693673125 0.5234416359375 0.16325252031249998 0.5193063234374999 0.164478996875 0.4573892578125
5 0.3910870015625 0.5479002093750001 0.4137845015625 0.5900395406250001 0.4774905109375 0.560541440625 0.45503118125 0.520354740625 0.44982455468750004 0.517653159375 0.3910870015625 0.5479002093750001
6 0.20718163125000003 0.7195176531249999 0.203165859375 0.72657921875 0.233928040625 0.7948516765625 0.2862337296875 0.767851878125 0.25135388125 0.6978086796875 0.20718163125000003 0.7195176531249999
7 0.2840570515625 0.7100219609375 0.28439711875 0.7208068921875 0.3326514140625 0.7725488671875 0.373829334375 0.7342880218750001 0.32098102812499996 0.67687005 0.2840570515625 0.7100219609375
8 0.6306668375 0.3609077953125 0.6027283296875 0.3317788609375 0.553213178125 0.357665928125 0.553076903125 0.36454560156250004 0.578837490625 0.3918128515625 0.6283526421875 0.36592578593749997 0.6306668375 0.3609077953125
9 0.43522114843750004 0.7098079125 0.420315778125 0.7075610578125 0.3802955765625 0.71532879375 0.391149553125 0.796317421875 0.39635618125 0.799019003125 0.447776703125 0.7887529671875 0.43522114843750004 0.7098079125
10 0.50967799375 0.8084343734375 0.5117196390625 0.8171757312500001 0.56647455625 0.8342465015625 0.584954975 0.753846325 0.5291110984375 0.7358447124999999 0.50967799375 0.8084343734375
11 0.6892581796874999 0.7852862843749999 0.6976297921875 0.7819480875 0.719784675 0.7396696484375 0.6484915703125 0.6909716421875001 0.62136823125 0.7325011328125 0.619904825 0.736497334375 0.6275275421875001 0.7430132265625 0.6892581796874999 0.7852862843749999
12 0.7507187515625 0.729382221875 0.795265446875 0.7027462046874999 0.7945509328125 0.6968883171875 0.7431660328125 0.6354741421875 0.703111453125 0.658953853125 0.7007972578125 0.6639718453125 0.7056294390625 0.6716004703125 0.7507187515625 0.729382221875
1 0.8072821078124999 0.5293687874999999 0.8011903125 0.5434009718749999 0.848526303125 0.5716204546875 0.877861940625 0.516240671875 0.8327038703125 0.4898828734375 0.8072821078124999 0.5293687874999999
2 0.9121660359374999 0.46160984374999997 0.8927354140625001 0.42226303906249996 0.8289618890625 0.4272168578125 0.8271240375 0.43614010625 0.8441385671875 0.4716725984375 0.8943338546874999 0.46735539531250003 0.9121660359374999 0.46160984374999997
3 0.807420865625 0.4105526484375 0.7546400765625 0.37767895625 0.7371479625 0.3942094390625 0.7282656296875001 0.4093543546875 0.7845514703124999 0.44697320156250003 0.8111640875000001 0.4172504328125 0.807420865625 0.4105526484375
4 0.8488369578125001 0.3742444296875 0.8017735171875 0.3322656 0.7707031640625 0.34943269843749997 0.768627140625 0.35640331875000003 0.7753990703125 0.36394099999999996 0.8156905812499999 0.39838215 0.8488369578125001 0.3742444296875
26 0.6047637671875 0.6203613859375 0.6048656625 0.6291936875 0.6395761 0.6658603015625 0.69361774375 0.6211049515625 0.6564912171875 0.580624025 0.6047637671875 0.6203613859375
26 0.4441059625 0.58272653125 0.442029940625 0.58969715 0.4599971546875 0.633040159375 0.52853534375 0.6111706859375 0.5103299578125 0.5658750484375 0.4441059625 0.58272653125