27 0.630363315625 0.5243679890624999 0.5673894359375 0.48601849843749995 0.522921475 0.5640338125000001 0.5231459109375 0.5740874078125 0.58246028125 0.6096943625 0.5875188875 0.607242009375 0.630363315625 0.5243679890624999
39 0.333247796875 0.517099246875 0.2760320734375 0.47369995937500003 0.2208726890625 0.5478651046875 0.22278332500000003 0.55710125 0.27703908906249997 0.5951605578125 0.2957126546875 0.5748162796875 0.333247796875 0.517099246875
28 0.72268024375 0.7912607390625 0.64235904375 0.7138964953125 0.5982671015625 0.75785485625 0.60046484375 0.7714684375 0.6691706374999999 0.8375263625 0.6785256328125 0.840895259375 0.72268024375 0.7912607390625
13 0.72271825 0.45362483437499995 0.73747144375 0.3934023546875 0.734511484375 0.38806237499999996 0.6389255484375 0.3564895796875 0.6263963390625 0.3975674109375 0.6237599078125 0.423686940625 0.7176596421875 0.45607718750000004 0.72271825 0.45362483437499995
21 0.4614822140625 0.5689774203125 0.4665408203125 0.5665250671875001 0.48898905312499996 0.4777307015625 0.48602909375000003 0.4723907234375 0.42420363281249995 0.4515509796875 0.419145025 0.45400333281250005 0.40340517499999995 0.5124458203125 0.3924032 0.5486150703125 0.4614822140625 0.5689774203125
24 0.3717695921875 0.46116220625000004 0.3749175609375 0.44947370937500003 0.364440390625 0.39583683281250004 0.3574711453125 0.3890530421875 0.26580557968749996 0.3973584484375 0.2630700546875 0.402072065625 0.2680397484375 0.4380541015625 0.2774311703125 0.468505071875 0.3717695921875 0.46116220625000004
8 0.38880944375 0.3761189171875 0.413966959375 0.31536916718749997 0.41100699843750005 0.31002918749999997 0.32187876718749997 0.2708091515625 0.2991696734375 0.3224678484375 0.2967212515625 0.3315589015625 0.3050269234375 0.33882396406250004 0.38880944375 0.3761189171875
11 0.26237050625 0.404669509375 0.1947868875 0.3888795640625 0.17850925625 0.46564924999999996 0.177971471875 0.48397644843750004 0.24822794531249998 0.5007289375 0.26463091875 0.41260693125000003 0.26237050625 0.404669509375
10 0.6513599640625001 0.5062849734375 0.6542572546875001 0.5173011125 0.725286128125 0.5856203 0.7747864515625 0.537910865625 0.6981247625 0.46328915625 0.6513599640625001 0.5062849734375
1 0.3002174171875 0.6832896578125001 0.3070248953125 0.6743436968750001 0.3127102 0.6151297546875 0.306727609375 0.61012595625 0.216012271875 0.593129284375 0.2089176875 0.5976978109375 0.203357721875 0.645559434375 0.204506140625 0.66306918125 0.3002174171875 0.6832896578125001
50 0.5094275546875 0.3582942796875 0.5104929406250001 0.26179958124999997 0.4468559359375 0.25312960625 0.44074800625000005 0.2594781234375 0.439385334375 0.291755084375 0.44073194375 0.352076659375 0.4869327140625 0.36016626875 0.5094275546875 0.3582942796875
43 0.5305115375 0.6664948515625 0.541678075 0.65769398125 0.510867378125 0.5924606046875 0.41993778906249996 0.625250640625 0.42283507968749995 0.6362667765625 0.44244281093750004 0.683218953125 0.45138536250000005 0.69356273125 0.5305115375 0.6664948515625