13 0.17288830156249999 0.6301838156249999 0.15139087812500002 0.5907152796874999 0.089846371875 0.6235652734375 0.086179759375 0.6310448109375 0.10349730625 0.6691454984375 0.1221003546875 0.662442534375 0.17288830156249999 0.6301838156249999
18 0.2494476703125 0.3948549859375 0.18791885156250002 0.387053896875 0.17630529374999998 0.4175142734375 0.175363528125 0.4236014453125 0.182924353125 0.427446121875 0.23722039687500002 0.43333713281249997 0.2494476703125 0.3948549859375
19 0.34949010625 0.5308327453125 0.2949664640625 0.5061379890625 0.28359619375 0.51475103125 0.2670038265625 0.5449525515625 0.32796131093750003 0.5726663750000001 0.348876390625 0.5388545171875 0.34949010625 0.5308327453125
20 0.18841643125000002 0.4365523578125 0.1826386859375 0.4374024890625 0.1439194921875 0.4768083265625 0.140252878125 0.4842878625 0.17486127499999998 0.50794719375 0.218844946875 0.4588438453125 0.18841643125000002 0.4365523578125
21 0.2500567109375 0.5206774249999999 0.25583445625 0.519827296875 0.28986050625000004 0.47020623281249996 0.283569496875 0.462208984375 0.24787650156250002 0.44961500781249997 0.2135224 0.497301471875 0.21563353125 0.5039308765625 0.2500567109375 0.5206774249999999
22 0.6390113828125 0.30580915000000003 0.5848157921875 0.283048990625 0.578567165625 0.28694270624999996 0.5629165640625 0.3110570546875 0.5639007109375 0.3168608484375 0.62002221875 0.3393376328125 0.6390113828125 0.30580915000000003
23 0.6335837125 0.4949801375 0.5748378093750001 0.4570265671875 0.5550073281250001 0.47977307187499996 0.5478169359375 0.48975395937500005 0.5488010828125 0.49555775312500006 0.603039059375 0.5302088796875 0.6335837125 0.4949801375
24 0.2721301453125 0.40638901406250005 0.266865665625 0.41608652656249995 0.2976222328125 0.4403126109375 0.3445159703125 0.3967296796875 0.313759403125 0.3725035953125 0.2721301453125 0.40638901406250005
25 0.2736856265625 0.3922800734375 0.299436684375 0.36370525468750003 0.29281762499999997 0.35377340625000003 0.25388651875 0.333724415625 0.2282782921875 0.35732105000000003 0.2242836296875 0.3628659875 0.22686564374999998 0.3664518078125 0.2736856265625 0.3922800734375
14 0.41694417812499995 0.3989613109375 0.41116643281250004 0.3998114421875 0.4078278703125 0.40922557499999995 0.404145571875 0.4573561921875 0.448954875 0.45968590468750004 0.4559757359375 0.402141153125 0.41694417812499995 0.3989613109375
15 0.37689076093749996 0.2442425 0.3793299421875 0.2528065015625 0.3998008359375 0.27458027500000004 0.44739305468749996 0.24675750624999998 0.424012096875 0.21946331562500002 0.37689076093749996 0.2442425
16 0.46813392968749995 0.29922599375000003 0.4799327015625 0.2756783984375 0.47782157031250005 0.26904899375 0.4283191234375 0.2565040578125 0.41727690156249997 0.2670516984375 0.40932995781250003 0.2900325390625 0.4602874375 0.3053376859375 0.46813392968749995 0.29922599375000003
17 0.486895496875 0.2468937625 0.4896627265625 0.257392365625 0.53596944375 0.27437325 0.5575406218750001 0.2444305859375 0.50367308125 0.2236050234375 0.486895496875 0.2468937625
40 0.25593023125 0.63680235625 0.2632367625 0.5693012375000001 0.25760185 0.5651731843750001 0.21264971406250002 0.56782165625 0.20431665312499997 0.617628015625 0.20276117187499998 0.6317369562499999 0.20679821562499998 0.638082984375 0.25593023125 0.63680235625
45 0.1499091484375 0.535413025 0.1478404 0.5406745859375001 0.164829896875 0.5768406781250001 0.229755346875 0.5464675171875 0.21018383749999997 0.50671560625 0.1499091484375 0.535413025
46 0.40351149375000006 0.639873253125 0.332353103125 0.6334890484375 0.32205174531249997 0.6716878171875 0.32242217812499996 0.68551338125 0.32772903750000004 0.6877068375000001 0.3977604484375 0.6932654312500001 0.40351149375000006 0.639873253125
47 0.35278628749999996 0.5095276453124999 0.3529715046875 0.516440428125 0.3734847796875 0.5501051671875 0.4342303515625 0.5183641625 0.4108070125 0.47917900625 0.35278628749999996 0.5095276453124999
48 0.3143417484375 0.44578398750000003 0.3203894734375 0.475628571875 0.3273365828125 0.48749501562499997 0.389722403125 0.465427003125 0.37625668437500004 0.42675955937500004 0.3143417484375 0.44578398750000003
49 0.512230728125 0.6873281718750001 0.514712290625 0.7077831406249999 0.5667543703125 0.71202293125 0.5704947375 0.6351321984375 0.5173256765625001 0.6300667984375 0.512230728125 0.6873281718750001
50 0.7055677328125001 0.5527974 0.6569646703124999 0.5222743265625 0.6384040046874999 0.5408682578125 0.627076115625 0.5613722671875 0.6884040312499999 0.6029116546875 0.7186206375 0.5657483140624999 0.7055677328125001 0.5527974
51 0.6350277328125 0.4045472171875 0.625726209375 0.4078986984375 0.60716554375 0.42649263125000003 0.6019010640625 0.43619014062500006 0.6545411750000001 0.47305924218750006 0.6860699765625 0.4436342921875 0.6350277328125 0.4045472171875
52 0.658567209375 0.3862121421875 0.6306783234375 0.355615509375 0.57810729375 0.38317942031249996 0.578620559375 0.3920268 0.6020015171875001 0.419320990625 0.6475249859375001 0.3967597828125 0.658567209375 0.3862121421875
41 0.350865046875 0.3759668140625 0.3549444765625 0.3942038078125 0.41596002812500005 0.393157515625 0.4163037640625 0.3544410328125 0.354161228125 0.3546617140625 0.350865046875 0.3759668140625
42 0.27818254531250003 0.3023893875 0.283574171875 0.328364775 0.2901932296875 0.338296621875 0.3471293546875 0.3190133375 0.3346477859375 0.28614968749999997 0.27818254531250003 0.3023893875
43 0.487435459375 0.308283190625 0.4898746390625 0.31684719375000003 0.5470807453125001 0.328258621875 0.557710153125 0.29199445 0.49937706562499995 0.2797574125 0.487435459375 0.308283190625
44 0.558567153125 0.262125346875 0.5616624328125 0.274558546875 0.599895059375 0.2788473765625 0.610810134375 0.23262683750000002 0.5691965609375 0.225861175 0.558567153125 0.262125346875
27 0.2112747734375 0.7226875890625 0.2250575296875 0.670096503125 0.1524441046875 0.6609520890625 0.1391322328125 0.710499590625 0.2112747734375 0.7226875890625
32 0.337860865625 0.6019442046875 0.28821558281250004 0.5943774515625 0.26836941875 0.6577750390625 0.2674276515625 0.663862209375 0.27498847656250003 0.6677068859374999 0.319326896875 0.6730801828125 0.337860865625 0.6019442046875
33 0.5013517000000001 0.5184023375 0.5153620531249999 0.4846149984375 0.5113250078125 0.47826897031250004 0.452806703125 0.45911915 0.4357434515625 0.49236425625 0.4385106828125 0.5028628578125 0.4931771578125 0.5225794328125 0.5013517000000001 0.5184023375
34 0.541293653125 0.5967971734375 0.5834361765625 0.5717591328125 0.58470599375 0.5676065578125 0.5432509390625 0.5152116328125 0.505103078125 0.5347047359375 0.501108415625 0.5402496734375 0.504018478125 0.5457700890625 0.541293653125 0.5967971734375
35 0.53726128125 0.456606934375 0.562684290625 0.4260975171875 0.5142240609375001 0.3905962609375 0.508446315625 0.3914463921875 0.483166140625 0.4169776234375 0.48335135625000003 0.42389040624999996 0.5314835375 0.4574570640625 0.53726128125 0.456606934375
36 0.4277337671875 0.677949421875 0.42921549531250003 0.7332516796874999 0.483326321875 0.73222990625 0.48321486093750005 0.6559059281249999 0.43070189843750006 0.654709725 0.4277337671875 0.677949421875
37 0.6768375328125 0.5114187890624999 0.6770227484375 0.5183315703125 0.7223296328125001 0.57015974375 0.7641441062500001 0.54318710625 0.716255209375 0.4877731140625 0.6768375328125 0.5114187890624999
38 0.747864103125 0.6159743046874999 0.8090068031250001 0.6506009109375 0.8168532953125001 0.64448921875 0.83598529375 0.6059825531249999 0.76728176875 0.5675112703125 0.7594352765625 0.5736229625 0.74124504375 0.6060424578125 0.7399752281249999 0.6101950296875 0.747864103125 0.6159743046874999
39 0.782820909375 0.46707294375 0.7648472625 0.4251030578125 0.6980963484375 0.4388904453125 0.7152710625 0.48196931875000004 0.782820909375 0.46707294375
28 0.5036260218749999 0.34555826875 0.502641875 0.3397544734375 0.47352555625 0.3252013796875 0.46356793281249997 0.3246836671875 0.43927190625 0.35601869375 0.4324095640625 0.36793417968750003 0.47054173906249996 0.38909215937499997 0.5036260218749999 0.34555826875
29 0.708429078125 0.31938951250000003 0.6686990374999999 0.30044950937500003 0.63688456875 0.339830825 0.6356147515624999 0.3439834 0.6435036281250001 0.3497626734375 0.6756728437499999 0.3648580015625 0.708429078125 0.31938951250000003
30 0.37132493125 0.304547459375 0.3775578703125 0.341304821875 0.4237798234375 0.334503778125 0.439329975 0.32725857812500003 0.4287743203125 0.294111553125 0.37132493125 0.304547459375
31 0.63245039375 0.2671171875 0.636857871875 0.28728877812500003 0.6766883625 0.2893596328125 0.6792436796875 0.24040340625 0.636360290625 0.2377903171875 0.63245039375 0.2671171875
0 0.1341894671875 0.4950943609375 0.08716858125 0.5030043953125001 0.08485655 0.5301132890625 0.084941315625 0.5538952203124999 0.089962509375 0.5660450421875 0.1358564125 0.5573093984375 0.1341894671875 0.4950943609375
5 0.363897590625 0.56341301875 0.3884479125 0.6034237859375 0.4504633 0.5675302062500001 0.4262410265625 0.5294540375000001 0.420934165625 0.5272605828125 0.363897590625 0.56341301875
6 0.1889046625 0.7537392390625001 0.1852380484375 0.761218775 0.21903182656250003 0.826638175 0.2698197765625 0.79437945625 0.23184611875 0.7275922125000001 0.1889046625 0.7537392390625001
7 0.2649571 0.7366003703125 0.265798415625 0.747382346875 0.31622694375 0.79449119375 0.355417021875 0.7520417703125 0.300152515625 0.699695884375 0.2649571 0.7366003703125
8 0.5935726796874999 0.3521522890625 0.5644139781249999 0.3257082296875 0.516350875 0.3565745828125 0.5165360921875 0.363487365625 0.5434408296875 0.3882802046875 0.59150393125 0.35741385000000003 0.5935726796874999 0.3521522890625
9 0.4153636609375 0.7214097515625 0.40042722656249996 0.7206331828125 0.3609671671875 0.7323878921875 0.37554418125 0.8125320265625 0.3808510421875 0.81472548125 0.4315385390625 0.7993359140625 0.4153636609375 0.7214097515625
10 0.4940515078125 0.8129407953125 0.49649068749999997 0.8215047999999999 0.5517708781249999 0.8331996046875 0.5664106359375001 0.7507394140625 0.5100034609375 0.7382189984374999 0.4940515078125 0.8129407953125
11 0.6716641562500001 0.77193556875 0.6798387 0.7677584765625001 0.6999124640625001 0.7231646390625001 0.626701009375 0.6813909140625001 0.6016484328125 0.72572589375 0.6003786171875001 0.7298784671874999 0.6082674906250001 0.7356577421875 0.6716641562500001 0.77193556875
12 0.7302138328125001 0.7097832265624999 0.7732981234375 0.6786580171875001 0.7723139734375 0.672854221875 0.7183192828125 0.6163557625 0.67955770625 0.643870634375 0.6774889578125001 0.6491321953125 0.6826529859375 0.6563038328124999 0.7302138328125001 0.7097832265624999
1 0.7771703109375 0.503595971875 0.771763 0.518271665625 0.8201808484375 0.54188195625 0.8467889062499999 0.4834380359375 0.8006250234375001 0.461478965625 0.7771703109375 0.503595971875
2 0.8783757765625 0.4252529703125 0.8572064015624999 0.387719034375 0.7939792671875 0.3990050703125 0.7925666171875 0.408135828125 0.8111539796875 0.44208394375 0.8608997125 0.432781546875 0.8783757765625 0.4252529703125
3 0.771767675 0.38442745624999997 0.717714915625 0.3566891125 0.701080165625 0.374999665625 0.6929480078125 0.391067725 0.7507097609375 0.42321749999999997 0.7758047203125 0.39077348437500004 0.771767675 0.38442745624999997
4 0.8112858031249999 0.34391263125 0.7624975218750001 0.3064767765625 0.73238136875 0.32677096875 0.7306406703125 0.33396712812499996 0.7377306124999999 0.340855390625 0.77942895 0.3714029828125 0.8112858031249999 0.34391263125
26 0.5798967109375 0.614911565625 0.580409978125 0.623758946875 0.616658621875 0.65709126875 0.668345953125 0.6068544109375 0.6295152953125001 0.5699362703124999 0.5798967109375 0.614911565625
26 0.4182783984375 0.5930859609375 0.4165377 0.6002821203125001 0.436437259375 0.641968628125 0.503616675 0.6132466890625 0.48338906562500006 0.5696255828125001 0.4182783984375 0.5930859609375