18 0.65625 0.5693359375 0.6552734375 0.564453125 0.5966796875 0.533203125 0.58984375 0.5361328125 0.578125 0.5556640625 0.5703125 0.5771484375 0.6279296875 0.609375 0.634765625 0.6083984375 0.65625 0.5693359375
19 0.2529296875 0.685546875 0.236328125 0.7216796875 0.2373046875 0.734375 0.2978515625 0.759765625 0.31640625 0.7119140625 0.2529296875 0.685546875
20 0.2666015625 0.63671875 0.25 0.6728515625 0.2509765625 0.68359375 0.3115234375 0.708984375 0.330078125 0.6611328125 0.2666015625 0.63671875
21 0.2919921875 0.58984375 0.28515625 0.5927734375 0.279296875 0.6044921875 0.26953125 0.6337890625 0.3330078125 0.66015625 0.3515625 0.6142578125 0.2919921875 0.58984375
22 0.3076171875 0.541015625 0.291015625 0.5771484375 0.2919921875 0.58984375 0.3525390625 0.611328125 0.37109375 0.5673828125 0.3076171875 0.541015625
23 0.3212890625 0.494140625 0.306640625 0.5283203125 0.3076171875 0.541015625 0.3681640625 0.5625 0.384765625 0.5166015625 0.3212890625 0.494140625
25 0.5224609375 0.38671875 0.515625 0.3955078125 0.501953125 0.4306640625 0.5634765625 0.458984375 0.583984375 0.4150390625 0.5224609375 0.38671875
14 0.603515625 0.3740234375 0.6005859375 0.3671875 0.5458984375 0.34375 0.5390625 0.3466796875 0.529296875 0.3662109375 0.5244140625 0.38671875 0.5810546875 0.412109375 0.5859375 0.4111328125 0.603515625 0.3740234375
15 0.5615234375 0.298828125 0.544921875 0.3310546875 0.5439453125 0.341796875 0.6044921875 0.3671875 0.625 0.3232421875 0.5615234375 0.298828125
16 0.5849609375 0.25390625 0.568359375 0.2841796875 0.5673828125 0.296875 0.6259765625 0.322265625 0.6484375 0.2783203125 0.5849609375 0.25390625
17 0.6103515625 0.208984375 0.599609375 0.2197265625 0.5859375 0.2490234375 0.6494140625 0.27734375 0.669921875 0.2353515625 0.6103515625 0.208984375
40 0.978515625 0.5947265625 0.9384765625 0.55078125 0.9345703125 0.548828125 0.9072265625 0.5703125 0.896484375 0.5830078125 0.9462890625 0.640625 0.986328125 0.6103515625 0.978515625 0.5947265625
45 0.5732421875 0.578125 0.5673828125 0.578125 0.552734375 0.5986328125 0.54296875 0.6201171875 0.6083984375 0.65625 0.630859375 0.6103515625 0.5732421875 0.578125
48 0.0498046875 0.5390625 0.041015625 0.5458984375 0.025390625 0.5830078125 0.0849609375 0.609375 0.10546875 0.5673828125 0.0498046875 0.5390625
49 0.0751953125 0.49609375 0.0673828125 0.494140625 0.0625 0.4990234375 0.046875 0.5361328125 0.1044921875 0.564453125 0.125 0.5205078125 0.0751953125 0.49609375
50 0.1484375 0.4814453125 0.1455078125 0.474609375 0.0947265625 0.451171875 0.087890625 0.4521484375 0.076171875 0.4755859375 0.0703125 0.4892578125 0.0732421875 0.49609375 0.1259765625 0.521484375 0.1484375 0.4814453125
51 0.3203125 0.2646484375 0.2607421875 0.23828125 0.244140625 0.2666015625 0.240234375 0.2783203125 0.2451171875 0.283203125 0.2978515625 0.306640625 0.3203125 0.2646484375
52 0.341796875 0.2255859375 0.3388671875 0.21875 0.2880859375 0.1953125 0.279296875 0.2021484375 0.267578125 0.2236328125 0.2646484375 0.23828125 0.3173828125 0.26171875 0.32421875 0.2587890625 0.341796875 0.2255859375
41 0.3056640625 0.154296875 0.287109375 0.1865234375 0.2861328125 0.1953125 0.3427734375 0.220703125 0.365234375 0.1806640625 0.3056640625 0.154296875
27 0.900390625 0.6708984375 0.8505859375 0.61328125 0.8134765625 0.638671875 0.80859375 0.6455078125 0.8564453125 0.703125 0.8642578125 0.701171875 0.900390625 0.6708984375
32 0.6201171875 0.48828125 0.615234375 0.4931640625 0.595703125 0.5302734375 0.6611328125 0.564453125 0.68359375 0.5224609375 0.6201171875 0.48828125
0 0.8955078125 0.58203125 0.8876953125 0.58203125 0.8583984375 0.60546875 0.853515625 0.6142578125 0.9013671875 0.669921875 0.943359375 0.6376953125 0.8955078125 0.58203125
2 0.7685546875 0.47265625 0.759765625 0.4755859375 0.74609375 0.5205078125 0.8173828125 0.544921875 0.833984375 0.4951171875 0.7685546875 0.47265625
3 0.7861328125 0.423828125 0.77734375 0.4267578125 0.763671875 0.4697265625 0.8349609375 0.494140625 0.8515625 0.4462890625 0.7861328125 0.423828125
4 0.8671875 0.3974609375 0.8037109375 0.376953125 0.794921875 0.3779296875 0.78125 0.4208984375 0.8505859375 0.4453125 0.85546875 0.4404296875 0.8671875 0.3974609375