40 0.4560546875 0.3984375 0.4248046875 0.41015625 0.421875 0.4169921875 0.4423828125 0.462890625 0.4765625 0.4482421875 0.4560546875 0.3984375
45 0.4951171875 0.3828125 0.4619140625 0.39453125 0.458984375 0.3994140625 0.4794921875 0.447265625 0.513671875 0.4326171875 0.4951171875 0.3828125
46 0.5322265625 0.3671875 0.4990234375 0.37890625 0.49609375 0.3837890625 0.5166015625 0.431640625 0.552734375 0.4169921875 0.5322265625 0.3671875
49 0.6552734375 0.416015625 0.6767578125 0.46875 0.712890625 0.4541015625 0.6884765625 0.40234375 0.6552734375 0.416015625
50 0.7275390625 0.38671875 0.6962890625 0.3984375 0.6953125 0.4111328125 0.7158203125 0.453125 0.751953125 0.4384765625 0.7275390625 0.38671875
52 0.4287109375 0.591796875 0.4443359375 0.650390625 0.482421875 0.6357421875 0.4638671875 0.58203125 0.4287109375 0.591796875
41 0.5048828125 0.5703125 0.4697265625 0.580078125 0.4765625 0.6181640625 0.4853515625 0.63671875 0.5234375 0.6240234375 0.5048828125 0.5703125
42 0.5458984375 0.556640625 0.5107421875 0.56640625 0.5078125 0.5732421875 0.5263671875 0.625 0.564453125 0.6123046875 0.5458984375 0.556640625
43 0.69140625 0.6982421875 0.6552734375 0.65234375 0.6259765625 0.671875 0.623046875 0.6787109375 0.6572265625 0.7265625 0.69140625 0.7041015625 0.69140625 0.6982421875
13 0.3681640625 0.4609375 0.3427734375 0.4765625 0.337890625 0.4873046875 0.3662109375 0.52734375 0.3984375 0.5068359375 0.3681640625 0.4609375
13 0.361328125 0.5263671875 0.3349609375 0.486328125 0.3095703125 0.5 0.302734375 0.5107421875 0.3330078125 0.552734375 0.361328125 0.5341796875 0.361328125 0.5263671875
19 0.1494140625 0.4609375 0.138671875 0.4619140625 0.12109375 0.4931640625 0.1650390625 0.521484375 0.1875 0.4892578125 0.1494140625 0.4609375
20 0.212890625 0.4580078125 0.1708984375 0.42578125 0.166015625 0.4287109375 0.146484375 0.4541015625 0.146484375 0.4599609375 0.1904296875 0.48828125 0.212890625 0.4580078125
21 0.23828125 0.4267578125 0.1962890625 0.392578125 0.17578125 0.4150390625 0.171875 0.4248046875 0.2119140625 0.455078125 0.21875 0.4521484375 0.23828125 0.4267578125
22 0.6708984375 0.189453125 0.6806640625 0.2421875 0.720703125 0.2353515625 0.7080078125 0.18359375 0.6708984375 0.189453125
23 0.75 0.1806640625 0.7392578125 0.177734375 0.7138671875 0.181640625 0.7109375 0.1923828125 0.720703125 0.2353515625 0.7587890625 0.23046875 0.75 0.1806640625
24 0.80078125 0.2158203125 0.7890625 0.1708984375 0.7529296875 0.17578125 0.75 0.1806640625 0.76171875 0.2294921875 0.7978515625 0.224609375 0.80078125 0.2158203125
25 0.1279296875 0.25390625 0.1044921875 0.2734375 0.099609375 0.2802734375 0.1357421875 0.31640625 0.1640625 0.2900390625 0.1279296875 0.25390625
14 0.19140625 0.2626953125 0.1591796875 0.2265625 0.1455078125 0.234375 0.12890625 0.2529296875 0.1572265625 0.283203125 0.1669921875 0.287109375 0.19140625 0.2626953125
15 0.1923828125 0.205078125 0.1865234375 0.205078125 0.1669921875 0.22265625 0.162109375 0.2294921875 0.1962890625 0.265625 0.224609375 0.2412109375 0.1923828125 0.205078125
16 0.2197265625 0.177734375 0.2080078125 0.185546875 0.19140625 0.2041015625 0.2294921875 0.23828125 0.255859375 0.2138671875 0.2197265625 0.177734375
25 0.0654296875 0.794921875 0.0205078125 0.763671875 0.005859375 0.7841796875 0 0.8017578125 0.0419921875 0.83203125 0.06640625 0.7998046875 0.0654296875 0.794921875
14 0.0458984375 0.728515625 0.02734375 0.7490234375 0.021484375 0.7626953125 0.0654296875 0.794921875 0.08984375 0.7607421875 0.0458984375 0.728515625
15 0.11328125 0.7255859375 0.1103515625 0.716796875 0.0712890625 0.69140625 0.0625 0.6962890625 0.046875 0.7197265625 0.0478515625 0.728515625 0.0869140625 0.755859375 0.09375 0.7548828125 0.11328125 0.7255859375
16 0.0966796875 0.65625 0.08984375 0.6572265625 0.0703125 0.6904296875 0.1162109375 0.71875 0.138671875 0.6865234375 0.0966796875 0.65625
17 0.146484375 0.6787109375 0.1640625 0.6513671875 0.1201171875 0.619140625 0.111328125 0.6240234375 0.09765625 0.6455078125 0.09375 0.6533203125 0.0966796875 0.65625 0.1376953125 0.68359375 0.146484375 0.6787109375
33 0.5341796875 0.8359375 0.4990234375 0.849609375 0.49609375 0.8564453125 0.5048828125 0.875 0.55078125 0.8720703125 0.5341796875 0.8359375
39 0.8134765625 0.677734375 0.7763671875 0.6875 0.7734375 0.6943359375 0.7939453125 0.75 0.833984375 0.7373046875 0.8134765625 0.677734375
28 0.8173828125 0.67578125 0.8349609375 0.736328125 0.875 0.7255859375 0.8564453125 0.666015625 0.8173828125 0.67578125
29 0.8974609375 0.65625 0.8623046875 0.6640625 0.859375 0.6728515625 0.8779296875 0.7265625 0.919921875 0.7158203125 0.8974609375 0.65625
30 0.5869140625 0.703125 0.5537109375 0.72265625 0.552734375 0.7314453125 0.5869140625 0.779296875 0.62109375 0.7529296875 0.5869140625 0.703125
5 0.4833984375 0.169921875 0.51953125 0.1591796875 0.5107421875 0.125 0.4736328125 0.125 0.47265625 0.1357421875 0.4833984375 0.169921875
5 0.8896484375 0.314453125 0.8505859375 0.318359375 0.84765625 0.3251953125 0.8623046875 0.375 0.904296875 0.3662109375 0.8896484375 0.314453125
6 0.9306640625 0.306640625 0.8935546875 0.3125 0.890625 0.3154296875 0.9052734375 0.369140625 0.9453125 0.3603515625 0.9306640625 0.306640625
7 0.9716796875 0.298828125 0.9365234375 0.3046875 0.93359375 0.3115234375 0.9482421875 0.361328125 0.98828125 0.3505859375 0.9716796875 0.298828125
8 0.9755859375 0.298828125 0.98828125 0.3505859375 0.9970703125 0.353515625 1 0.2939453125 0.9755859375 0.298828125
9 0.3037109375 0.265625 0.2705078125 0.2734375 0.26953125 0.2861328125 0.2822265625 0.326171875 0.318359375 0.3154296875 0.3037109375 0.265625
10 0.3427734375 0.25390625 0.3095703125 0.26171875 0.306640625 0.2705078125 0.3212890625 0.314453125 0.357421875 0.3037109375 0.3427734375 0.25390625
11 0.3818359375 0.2421875 0.3466796875 0.25 0.34375 0.2548828125 0.3583984375 0.302734375 0.39453125 0.2919921875 0.3818359375 0.2421875
12 0.3837890625 0.2421875 0.3994140625 0.294921875 0.435546875 0.2822265625 0.4189453125 0.232421875 0.3837890625 0.2421875
1 0.4580078125 0.21875 0.4228515625 0.228515625 0.419921875 0.2314453125 0.4365234375 0.28125 0.47265625 0.2705078125 0.4580078125 0.21875
12 0.9150390625 0.189453125 0.912109375 0.2431640625 0.9521484375 0.24609375 0.955078125 0.1923828125 0.9150390625 0.189453125
1 0.9580078125 0.19140625 0.955078125 0.2451171875 0.9951171875 0.248046875 0.99609375 0.1962890625 0.9580078125 0.19140625
3 0.6220703125 0.677734375 0.5927734375 0.6953125 0.587890625 0.7041015625 0.6220703125 0.751953125 0.65625 0.7294921875 0.6220703125 0.677734375
3 0.2734375 0.8564453125 0.2705078125 0.853515625 0.2216796875 0.828125 0.216796875 0.8310546875 0.2001953125 0.87109375 0.2158203125 0.875 0.265625 0.8720703125 0.2734375 0.8564453125
4 0.2470703125 0.7890625 0.23828125 0.7919921875 0.22265625 0.8271484375 0.2744140625 0.8515625 0.29296875 0.8154296875 0.2470703125 0.7890625
8 0.8544921875 0.482421875 0.8193359375 0.490234375 0.81640625 0.5009765625 0.8330078125 0.548828125 0.873046875 0.5380859375 0.8544921875 0.482421875
9 0.8583984375 0.478515625 0.8740234375 0.53515625 0.9140625 0.5244140625 0.8955078125 0.46875 0.8583984375 0.478515625
10 0.8994140625 0.466796875 0.9169921875 0.5234375 0.955078125 0.5146484375 0.9365234375 0.458984375 0.8994140625 0.466796875
26 0.6513671875 0.41796875 0.6181640625 0.431640625 0.615234375 0.4404296875 0.6376953125 0.486328125 0.673828125 0.4697265625 0.6513671875 0.41796875
0 0.328125 0.5517578125 0.2978515625 0.509765625 0.2744140625 0.525390625 0.267578125 0.5361328125 0.2978515625 0.578125 0.328125 0.5576171875 0.328125 0.5517578125
18 0.5224609375 0.16015625 0.55859375 0.1494140625 0.5517578125 0.125 0.5146484375 0.125 0.513671875 0.1357421875 0.5224609375 0.16015625
24 0.7646484375 0.837890625 0.7275390625 0.85546875 0.7265625 0.8603515625 0.7373046875 0.875 0.783203125 0.8740234375 0.7646484375 0.837890625