27 0.615234375 0.5380859375 0.5771484375 0.478515625 0.4970703125 0.52734375 0.4921875 0.5361328125 0.5283203125 0.591796875 0.5341796875 0.591796875 0.615234375 0.5380859375
39 0.34765625 0.4072265625 0.3173828125 0.345703125 0.2294921875 0.38671875 0.2265625 0.3955078125 0.2568359375 0.451171875 0.2841796875 0.44140625 0.34765625 0.4072265625
28 0.564453125 0.8076171875 0.5302734375 0.70703125 0.4677734375 0.7265625 0.462890625 0.7392578125 0.4921875 0.8251953125 0.4990234375 0.83203125 0.564453125 0.8076171875
13 0.779296875 0.4697265625 0.779296875 0.4638671875 0.7080078125 0.396484375 0.67578125 0.4267578125 0.66015625 0.4482421875 0.7294921875 0.515625 0.7353515625 0.515625 0.779296875 0.4697265625
21 0.509765625 0.4384765625 0.509765625 0.4326171875 0.4638671875 0.388671875 0.4580078125 0.388671875 0.4140625 0.4326171875 0.3857142859375 0.4592857140625 0.4384765625 0.505859375 0.4443359375 0.505859375 0.509765625 0.4384765625
24 0.4375 0.3154296875 0.4345703125 0.306640625 0.3466796875 0.275390625 0.341796875 0.2783203125 0.328125 0.3115234375 0.3212890625 0.341796875 0.4111328125 0.375 0.419921875 0.3662109375 0.4375 0.3154296875
8 0.5234375 0.2666015625 0.5234375 0.2607421875 0.4619140625 0.189453125 0.4150390625 0.224609375 0.408203125 0.2314453125 0.412109375 0.2412109375 0.4697265625 0.30859375 0.5234375 0.2666015625
11 0.33984375 0.2802734375 0.2861328125 0.23828125 0.232421875 0.2978515625 0.22265625 0.3134765625 0.2783203125 0.357421875 0.337890625 0.2880859375 0.33984375 0.2802734375
10 0.7080078125 0.513671875 0.6435546875 0.53125 0.640625 0.5419921875 0.6708984375 0.630859375 0.740234375 0.6103515625 0.7080078125 0.513671875
1 0.279296875 0.4833984375 0.2763671875 0.4765625 0.2021484375 0.423828125 0.193359375 0.4248046875 0.1640625 0.4638671875 0.15625 0.4794921875 0.2333984375 0.537109375 0.244140625 0.5322265625 0.279296875 0.4833984375
50 0.638671875 0.2607421875 0.5849609375 0.2265625 0.576171875 0.2294921875 0.55859375 0.2568359375 0.529296875 0.3095703125 0.5673828125 0.3359375 0.5888671875 0.34375 0.638671875 0.2607421875
43 0.466796875 0.6162109375 0.4716796875 0.546875 0.3720703125 0.537109375 0.369140625 0.5478515625 0.36328125 0.5966796875 0.3662109375 0.609375 0.4521484375 0.619140625 0.466796875 0.6162109375