13 0.32125179375 0.2279869640625 0.35517521093750004 0.18375939531250002 0.35537998125 0.17793123125000002 0.31798170468750003 0.153550984375 0.28412654375 0.19583583124999998 0.281967159375 0.2014598078125 0.28668305156249996 0.2068270828125 0.32125179375 0.2279869640625
18 0.40335799375 0.2082913140625 0.3698006875 0.186262165625 0.3546974140625 0.19735844375 0.3298769140625 0.23376261562499998 0.36922980625 0.25834704999999997 0.40315322499999995 0.21411948125000002 0.40335799375 0.2082913140625
19 0.4493131359375 0.240389934375 0.4157558296875 0.2183607859375 0.40678942500000004 0.2222987421875 0.377718415625 0.2680081421875 0.41707130625 0.292592578125 0.442834984375 0.2572618625 0.4493131359375 0.240389934375
20 0.42583293906249997 0.2944827859375 0.4265030921875 0.3033271265625 0.46295819062500004 0.3266339171875 0.497154634375 0.2746354609375 0.45780174218749997 0.250051028125 0.42583293906249997 0.2944827859375
21 0.4876297640625 0.3223867453125 0.479060484375 0.34293992812499996 0.5184816328124999 0.3655816421875 0.55079171875 0.3114362765625 0.5094159578124999 0.28859037656250003 0.4876297640625 0.3223867453125
22 0.5295391640625 0.35796243125 0.525152140625 0.37115310468749996 0.5624821609375 0.397476071875 0.6005195765625 0.3478287140625 0.561303196875 0.3193588375 0.5295391640625 0.35796243125
23 0.58338101875 0.38893508125 0.5750165093749999 0.4036601 0.6162557578125 0.43039144374999994 0.6485658437499999 0.376246078125 0.6111675671875 0.3518658328125 0.58338101875 0.38893508125
24 0.655769990625 0.394547325 0.6306082078124999 0.440665103125 0.673870328125 0.46565791250000005 0.70429405625 0.4093656375 0.6668275218749999 0.3869281140625 0.655769990625 0.394547325
25 0.69085995625 0.456708546875 0.6823589359375 0.47531900781249997 0.7235981828125 0.5020503515625 0.755976525 0.44596226562499997 0.714669021875 0.4211736421875 0.69085995625 0.456708546875
14 0.77026071875 0.45817864375 0.764396878125 0.45756607968749996 0.7571803171875 0.46753638906250006 0.7320867921875001 0.5117114453125 0.7752806546875 0.538646978125 0.807590740625 0.4845016125 0.77026071875 0.45817864375
15 0.809272328125 0.49247668593749994 0.779928290625 0.5459569734375 0.8250767671875 0.5730966937499999 0.855500496875 0.5168044187499999 0.8162158609375 0.4902772640625 0.809272328125 0.49247668593749994
16 0.8570455703125001 0.5286649359375 0.8297244031250001 0.580406690625 0.872918265625 0.607342221875 0.9052966078125 0.5512541359375 0.8660119749999999 0.5247269796875 0.8570455703125001 0.5286649359375
17 0.91277378125 0.5617844953125 0.8833614875 0.6172075046875001 0.9264870937499999 0.6460857578125 0.95893369375 0.5880549515625 0.919649059375 0.5615277937500001 0.91277378125 0.5617844953125
40 0.3121488765625 0.2358103625 0.27481885625 0.2094873953125 0.24103195156249999 0.24982952187500002 0.236781440625 0.259134753125 0.2414973328125 0.264502028125 0.276066075 0.285661909375 0.3121488765625 0.2358103625
45 0.3137622078125 0.24572815937499998 0.284622940625 0.29338028125000004 0.3259304453125 0.3181689046875 0.3582405328125 0.2640235390625 0.3227286125 0.24179020156250003 0.3137622078125 0.24572815937499998
46 0.40803664531250006 0.2984732546875 0.3706383671875 0.274093009375 0.33671495 0.3183205796875 0.3373168453125 0.32910764062500003 0.37384020156250003 0.3504717109375 0.40155849374999997 0.31534518437500003 0.40803664531250006 0.2984732546875
47 0.38448819375 0.354508828125 0.38320373124999996 0.36314898125 0.42154518750000003 0.38860268124999997 0.45769624374999995 0.336808415625 0.4184116109375 0.310281259375 0.38448819375 0.354508828125
48 0.5074923578125 0.37125813124999996 0.46625310937500003 0.3445267875 0.4363754328125 0.385277290625 0.432124921875 0.394582521875 0.438727171875 0.40209670624999994 0.4713413 0.4230524 0.5074923578125 0.37125813124999996
49 0.484148675 0.421465540625 0.47787529375000004 0.4325093046875 0.517091671875 0.46097918125000004 0.5533109859375 0.40724219375 0.5140263515625 0.3807150375 0.484148675 0.421465540625
50 0.5418315015624999 0.45478928906249994 0.53542160625 0.469718496875 0.5767291109375 0.49450711875 0.6090391984375 0.44036175312500003 0.56773169375 0.41557313125000006 0.5418315015624999 0.45478928906249994
51 0.6036283234375001 0.4826932484375 0.593036175 0.5049849656250001 0.6343436812500001 0.5297735890624999 0.6666537671875 0.4756282234375 0.6273691328125001 0.44910106718750004 0.6036283234375001 0.4826932484375
52 0.6493104390625 0.522562753125 0.6409459296875 0.537287771875 0.6840715375 0.566166025 0.7183362359375 0.5122248484374999 0.6771652453125 0.4835507828125 0.6493104390625 0.522562753125
41 0.7662459921875 0.54452765625 0.7229838734375 0.51953484375 0.6948560421875001 0.5663177 0.6925601453125 0.57582711875 0.6972760375 0.5811943937499999 0.7357540078125 0.6027626515625 0.7662459921875 0.54452765625
42 0.75113030625 0.5838954890625 0.73858354375 0.605983015625 0.7836637640624999 0.635065459375 0.81604210625 0.578977371875 0.7748711140625 0.55030330625 0.75113030625 0.5838954890625
43 0.792493653125 0.6350129453125 0.7930272921875 0.647742728125 0.8333233625 0.67340061875 0.8657699609374999 0.6153698109375 0.82264435625 0.58649155625 0.792493653125 0.6350129453125
44 0.8506542765624999 0.65473764375 0.8399938703125001 0.6789720796875 0.883119475 0.7078503359375 0.9155660749999999 0.6498195265625 0.8724404703124999 0.6209412734375 0.8506542765624999 0.65473764375
27 0.1895728515625 0.31854823125 0.188288390625 0.327188384375 0.22662984531250002 0.3526420859375 0.26473551875 0.30105200625 0.22349626875 0.2743206625 0.1895728515625 0.31854823125
32 0.2393689640625 0.3529979484375 0.24003911718749998 0.36184228906250004 0.2784488296875 0.38535326875 0.3146681453125 0.33161628125 0.27336063906249997 0.3068276578125 0.2393689640625 0.3529979484375
33 0.31391732031249997 0.3529862171875 0.2890285640625 0.3913331078125 0.3302678125 0.41806445312499996 0.3645325140625 0.36412327499999997 0.32908885 0.33994721562499997 0.31391732031249997 0.3529862171875
34 0.3429386765625 0.42036303750000004 0.34165421406249996 0.4290031890625 0.38201854062499996 0.4527183578125 0.416283240625 0.39877717968750004 0.37693034999999997 0.3741927453125 0.3429386765625 0.42036303750000004
35 0.46803396875000003 0.433431084375 0.42679471874999997 0.406699740625 0.3927347875 0.45481275312499997 0.3906436609375 0.45849400781250005 0.3953595546875 0.46386128125 0.431814653125 0.4871680734375 0.46803396875000003 0.433431084375
36 0.45487289531249997 0.47300310625 0.44218961874999996 0.49897607656250004 0.481542509375 0.5235605109375 0.5158754671875 0.46767661406250005 0.47456796093750003 0.44288799062499995 0.45487289531249997 0.47300310625
37 0.49421337187500003 0.525859096875 0.494883525 0.5347034359375 0.5352478515625 0.5584186046874999 0.56762619375 0.50233051875 0.5263186890625 0.4775418953125 0.49421337187500003 0.525859096875
38 0.5668753703125 0.5237004546875 0.54178184375 0.5678755109375 0.58302109375 0.5946068546875 0.61735405 0.5387229546875 0.5800240296875 0.5123999875 0.5668753703125 0.5237004546875
39 0.599874209375 0.5895429296875 0.593464315625 0.6044721359375 0.6346353078125 0.633146203125 0.6690365218750001 0.5753195828125001 0.627797271875 0.5485882375 0.599874209375 0.5895429296875
28 0.6726727218749999 0.5834988437499999 0.643260428125 0.638921853125 0.6863860328125 0.6678001078125 0.718900890625 0.6078265765624999 0.6776616421874999 0.5810952328125001 0.6726727218749999 0.5834988437499999
29 0.733321596875 0.6161575140625 0.7264463203125 0.6164142171875 0.7180818109375 0.631139234375 0.6968975125 0.6757226671875001 0.7420459890625 0.7028623890625 0.7726062312499999 0.6426846703125 0.733321596875 0.6161575140625
30 0.7830494546875 0.6525499515625001 0.7761059203125 0.6547493765625 0.7677414109375 0.6694743937500001 0.74662536875 0.71211510625 0.7917055890625 0.7411975484375 0.8242204453124999 0.6812240187499999 0.7830494546875 0.6525499515625001
31 0.829743003125 0.691550190625 0.7983078406249999 0.74871173125 0.8433198031250001 0.77973689375 0.877789271875 0.7199675531249999 0.8385728953125 0.6914976765625 0.829743003125 0.691550190625
0 0.1506605140625 0.36517941249999997 0.1361591375 0.387062753125 0.175375515625 0.41553263124999995 0.21543580156250003 0.3641467390625 0.1762194234375 0.3356768625 0.1506605140625 0.36517941249999997
5 0.265231915625 0.39859645625 0.22797014999999998 0.3703307671875 0.1900692484375 0.41609268125 0.1878416078125 0.4236593796875 0.1925575015625 0.42902665312500005 0.2270579859375 0.45212925625 0.265231915625 0.39859645625
6 0.315096284375 0.43110345156249996 0.27587990625000003 0.40263357343750006 0.23791074843749999 0.4503382109375 0.23575136406250002 0.45596218593750004 0.2404672578125 0.46132945937500003 0.27692235468750004 0.48463625156249995 0.315096284375 0.43110345156249996
7 0.2918208578125 0.4793681375 0.2855474765625 0.4904119015625 0.32671846875 0.5190859671875 0.364960653125 0.463610446875 0.3237214046875 0.4368791015625 0.2918208578125 0.4793681375
8 0.36211870468749996 0.4886616375 0.337161690625 0.52895125 0.3784009390625 0.5556825937500001 0.4146885109375 0.500002884375 0.3773584890625 0.473679915625 0.36211870468749996 0.4886616375
9 0.393094671875 0.5562426453125 0.389787340625 0.56662133125 0.43203802343750003 0.5924834078125001 0.46832559375000005 0.5368036984375 0.42715460156249996 0.5081296328125 0.393094671875 0.5562426453125
10 0.4449819125 0.5870111078125 0.43857201718749994 0.6019403140625 0.48176587968750006 0.628875846875 0.5160988375 0.5729919484375 0.47688245937499996 0.5445220703125 0.4449819125 0.5870111078125
11 0.49680089531249993 0.6197222906250001 0.4884363875 0.6344473093749999 0.53156199375 0.6633255625000001 0.5678495640625 0.607645853125 0.5267468281250001 0.577029065625 0.49680089531249993 0.6197222906250001
12 0.5443011109375 0.6636814265625001 0.5429483937499999 0.6742643 0.58317620625 0.7018649109374999 0.6196002921875 0.6422997578125 0.576474684375 0.6134215046875 0.5443011109375 0.6636814265625001
1 0.6713510171875 0.6769536625 0.6281571546875 0.6500181296875 0.59598358125 0.7002780515625 0.5946308640625 0.7108609265625 0.6368132906249999 0.7386657265625 0.6710779921875 0.6847245484375 0.6713510171875 0.6769536625
2 0.6807828046875 0.6876882109375 0.6492111265625 0.7487351953125 0.6923367328125 0.77761345 0.7268744609375 0.7159013875 0.6933854109375 0.6919295171875001 0.6807828046875 0.6876882109375
3 0.7178956421875 0.7481109 0.6990072390625001 0.7831849125 0.7459738171875 0.8144142640625001 0.7785569296875 0.7524980125 0.733476709375 0.7234155703125 0.7178956421875 0.7481109
4 0.786102359375 0.7610856515625 0.752644325 0.819985728125 0.7995426453125 0.8531578 0.834080371875 0.7914457374999999 0.798704965625 0.7653269578125 0.786102359375 0.7610856515625
26 0.425683971875 0.63374145 0.38646759375 0.605271571875 0.348430178125 0.6549189296875 0.3442479234375 0.6622814390625 0.347009203125 0.667444525 0.3873052734375 0.6931024140625001 0.425683971875 0.63374145
26 0.413863203125 0.691002153125 0.4033393109375 0.7113511484374999 0.446464915625 0.7402294015625001 0.48295725625 0.6787215265625 0.44178626562499995 0.6500474609375 0.413863203125 0.691002153125