0 0.668498996875 0.2550310140625 0.6574561484375 0.23614293281249998 0.6203385031249999 0.249437928125 0.6110466 0.25585310781250004 0.6263665390625001 0.28638020937499997 0.6702999125 0.2679685578125 0.668498996875 0.2550310140625
0 0.42140680937499997 0.407744490625 0.398658346875 0.3811129609375 0.373258809375 0.399059975 0.3552753078125 0.41620285 0.37987465625 0.4434062015625 0.41953094062499996 0.41335552968749995 0.42140680937499997 0.407744490625
5 0.27371143125 0.4219569734375 0.24788648750000003 0.3923114546875 0.20885549218750002 0.42049177968749996 0.20265256250000002 0.42682951874999997 0.2044909546875 0.430492771875 0.2284775078125 0.456475040625 0.27371143125 0.4219569734375
6 0.6788422578125 0.4470391796875 0.673289603125 0.4453237125 0.631844896875 0.4593454125 0.6268800531250001 0.465033890625 0.6397238171875 0.496859515625 0.6892098468750001 0.4801633296875 0.6788422578125 0.4470391796875
6 0.7309300484375 0.550831325 0.716860690625 0.51656353125 0.6797430453125 0.529858528125 0.667349675 0.539442578125 0.6808187296875 0.56939785625 0.686371384375 0.5711133234375 0.7309300484375 0.550831325
7 0.27715085781250004 0.48802065 0.27156072343750004 0.4955794734375 0.275750365625 0.528858503125 0.3326149515625 0.5206324640625 0.330301178125 0.4817423984375 0.27715085781250004 0.48802065
4 0.4467938546875 0.3928889078125 0.4287353953125 0.42858036093749996 0.462639140625 0.446277103125 0.48691302500000005 0.40115648125 0.45300927812499997 0.38345973906249997 0.4467938546875 0.3928889078125
26 0.47188107500000004 0.45222764375 0.452646990625 0.473111209375 0.4797225171875 0.4990160375 0.518178190625 0.46034033750000003 0.49047737500000005 0.43630585625 0.47188107500000004 0.45222764375
26 0.4964422875 0.33600413125 0.48466171406249997 0.3468092640625 0.5049340046874999 0.37473931875 0.5482920578125 0.3458322921875 0.5280197703125 0.3179022375 0.4964422875 0.33600413125
27 0.5450150375 0.23958002656250002 0.535648178125 0.264543784375 0.5837587 0.282502590625 0.5956267203125 0.250057446875 0.5506051703125 0.2320212015625 0.5450150375 0.23958002656250002
35 0.5142877125 0.2001658328125 0.5280565875 0.15592679062499998 0.49597874218750004 0.14498473125 0.4803589796875 0.18865194999999998 0.5142877125 0.2001658328125
36 0.6806188468750001 0.6188607375 0.6738031203125 0.6239773937499999 0.6853213453125 0.678092290625 0.72365209375 0.6703308906250001 0.71275915625 0.6143456484375001 0.6806188468750001 0.6188607375
36 0.487551465625 0.5488958609375 0.43822784062500003 0.5254034562500001 0.43201241718750005 0.5348326265625001 0.4214324546875 0.5542627875 0.4213949765625 0.5635370765625 0.47010580468749996 0.585808396875 0.487551465625 0.5488958609375
37 0.57172959375 0.660538634375 0.57806994375 0.620195165625 0.5243692875 0.6097951828125 0.5161655609375 0.6526582609375 0.57172959375 0.660538634375
38 0.40970053437500004 0.247299890625 0.40095896406250003 0.270393303125 0.448444196875 0.29022245468749996 0.462163103125 0.258349134375 0.4159159578125 0.23787072031249998 0.40970053437500004 0.247299890625
39 0.20369010781250002 0.32294198125 0.2005511640625 0.3353851421875 0.20594141718749998 0.37728919843750003 0.24549775937499999 0.37196996875 0.24138307343749998 0.320142359375 0.20369010781250002 0.32294198125
31 0.39400713593750003 0.6149180000000001 0.38904229375 0.620606478125 0.3895051796875 0.658924721875 0.4463447796875 0.6568815453125 0.448983359375 0.6153944296875 0.39400713593750003 0.6149180000000001
40 0.8343790796875 0.479615090625 0.8159826609374999 0.44607399843750006 0.77576355 0.462537865625 0.7707987078125 0.46822634374999994 0.784267759375 0.49818162343749994 0.789820415625 0.4998970890625 0.8343790796875 0.479615090625
40 0.4968920203125 0.22471264999999999 0.4757820671875 0.2512072515625 0.5151884984375 0.28298518125 0.537536540625 0.2558413171875 0.5086101296875001 0.229364665625 0.4968920203125 0.22471264999999999
45 0.6399993140625 0.5815492109375 0.59687861875 0.5517190671875001 0.5869614265624999 0.5600045921875 0.5732675046875 0.585695053125 0.612686428125 0.614381553125 0.6213280578125 0.6160195796875 0.6399993140625 0.5815492109375
46 0.28286657656249997 0.6022486812500001 0.25456545625000004 0.573901684375 0.22976622500000002 0.5961612125 0.2099068515625 0.6189151234375 0.23328060625 0.6436763078125 0.240684146875 0.6459635968749999 0.28286657656249997 0.6022486812500001
47 0.3091793921875 0.6640295843749999 0.2676097609375 0.7089655859375 0.297761765625 0.7378844046874999 0.3405694859375 0.6922991421875 0.3159701359375 0.665095790625 0.3091793921875 0.6640295843749999
51 0.2913569734375 0.3355815578125 0.28454124531249997 0.3406982125 0.29360828125 0.389928775 0.331313740625 0.3840377203125 0.3234972828125 0.3310664671875 0.2913569734375 0.3355815578125
52 0.5372748546875 0.47346250312500004 0.5360117828125001 0.480294625 0.5525073453125 0.5256296140625001 0.5883869015625 0.5129838796875 0.571291034375 0.4633363765625 0.5372748546875 0.47346250312500004
50 0.5569087015624999 0.35365317812499997 0.5494426984375 0.36682303906249997 0.5468790734375 0.389761571875 0.5987413375 0.396498303125 0.6032058171875 0.3617658703125 0.5569087015624999 0.35365317812499997
41 0.4012094765625 0.3612658578125 0.419930703125 0.31442976875 0.3835382890625 0.3011229796875 0.36605515 0.34730980625 0.4012094765625 0.3612658578125
44 0.6692998421875 0.3625818046875 0.64513839375 0.3798795578125 0.6654106828125 0.407809609375 0.7081434468750001 0.3807729296875 0.691572928125 0.3539865203125 0.6692998421875 0.3625818046875
18 0.3553745875 0.238770253125 0.3385167390625 0.283086734375 0.3718201796875 0.2964709640625 0.38238764999999997 0.28013223125 0.3930175828125 0.24833634999999998 0.3553745875 0.238770253125
22 0.4487190359375 0.22221099375 0.4599242875 0.2009104859375 0.4605870546875 0.1897658515625 0.425445221875 0.17271837031249998 0.41432741875 0.1723788671875 0.40123380312499995 0.20238184218750002 0.4431538875 0.2235869578125 0.4487190359375 0.22221099375
22 0.5331614874999999 0.72703720625 0.5182294796875 0.7533769296874999 0.552108240625 0.77725653125 0.5844359390625 0.7263699921875 0.5505571796875001 0.7024903890624999 0.5331614874999999 0.72703720625
24 0.2605671859375 0.31162451406249997 0.27806281718750003 0.26234625624999997 0.243508796875 0.252702721875 0.22416227968750002 0.30140915625 0.2605671859375 0.31162451406249997
17 0.47755997656250004 0.728431121875 0.48452561562499996 0.6862173046875 0.42834878437499996 0.677115846875 0.42014505625 0.719978925 0.47755997656250004 0.728431121875