49 0.570753946875 0.17593436093749998 0.511928678125 0.21972610312500002 0.5163488859375 0.230244415625 0.57537351875 0.28290175781250004 0.5872633421875 0.28106815625000003 0.6410996796874999 0.2378857859375 0.63942751875 0.23046367499999998 0.570753946875 0.17593436093749998
50 0.6965190640625 0.19717928125 0.7002538703125001 0.191003325 0.6989997484375 0.18543674062499999 0.6307442187500001 0.132762953125 0.5862894562500001 0.162978553125 0.5738309125 0.175939840625 0.6390094765625001 0.228608146875 0.6402635984375 0.23417473125 0.64641753125 0.23418569374999998 0.6965190640625 0.19717928125
51 0.7574960953125001 0.144735715625 0.75391196875 0.137928459375 0.6869105609374999 0.09082125625000001 0.6458616859374999 0.11795161875 0.6314911796875 0.1315277625 0.7017477921874999 0.18853294062499998 0.70557171875 0.18730323124999998 0.7435436296875 0.16016738749999998 0.7574960953125001 0.144735715625
37 0.20746155625 0.48379945625 0.1369247078125 0.5393172953125001 0.18800012500000002 0.6204004875 0.19657318125 0.626598371875 0.20114407031249998 0.62413346875 0.2705159171875 0.56799529375 0.2396911390625 0.522189059375 0.20746155625 0.48379945625
38 0.2637657046875 0.55623630625 0.2720098390625 0.5655249109375 0.27774573125 0.5636803453125 0.34520561562499996 0.5081570234375 0.27958145 0.43075748125 0.210538521875 0.4838049375 0.2637657046875 0.55623630625
39 0.3497893796875 0.378330359375 0.2897991109375 0.42150176562499997 0.2826584171875 0.43076296249999996 0.344787575 0.50630149375 0.35094150625 0.5063124593749999 0.4149955046875 0.453874375 0.41332334218750005 0.4464522625 0.3497893796875 0.378330359375
28 0.35244830625 0.37648031249999997 0.41648942812499995 0.4514039921875 0.4222253171875 0.4495594265625 0.4828734296875 0.40020658124999997 0.47570517656250005 0.3865920671875 0.41617338281249994 0.32713295 0.35244830625 0.37648031249999997
29 0.6399089250000001 0.49198897500000005 0.5725381609375 0.55245854375 0.653725396875 0.6397779890625 0.662298453125 0.6459758718749999 0.666869340625 0.6435109703124999 0.734150984375 0.5780951546875001 0.6503939453124999 0.497572003125 0.6399089250000001 0.49198897500000005
30 0.71035665625 0.4315248859375 0.6444798140625 0.489524071875 0.72357684375 0.567565878125 0.734897946875 0.5768599625 0.7413807968749999 0.57378020625 0.8022687093749999 0.51639039375 0.79318849375 0.503390734375 0.71035665625 0.4315248859375
31 0.8672203484375001 0.4497339046875 0.781311546875 0.37786257343749996 0.7716626093750001 0.37599060156249997 0.715256465625 0.42596926562500004 0.7138516609375001 0.43338589687500007 0.8010145874999999 0.5108238093749999 0.80716851875 0.510834771875 0.8609157375000001 0.4627061546875 0.8672203484375001 0.4497339046875
10 0.3128547234375 0.7832255781249999 0.24812819843749997 0.691607628125 0.2336685734375 0.700237525 0.1692856546875 0.755766328125 0.2201212703125 0.8448864875 0.23278561562500003 0.8646934015625 0.23893954687500002 0.864704365625 0.317692971875 0.79559941875 0.3128547234375 0.7832255781249999
11 0.31643885 0.790032834375 0.320351896875 0.7937493718749999 0.3287467140625 0.790054759375 0.400270325 0.7252647624999999 0.32771770624999996 0.6262137375 0.250787125 0.6897575828125 0.31643885 0.790032834375
12 0.4798598328125 0.6598708703125 0.47818766874999996 0.652448759375 0.45811527031250004 0.627064296875 0.4039013265625 0.5639050859375 0.3413412515625 0.6138727859374999 0.330794671875 0.62621921875 0.39668619843749997 0.7184575046874999 0.403347290625 0.72527024375 0.407918178125 0.7228053421875 0.4798598328125 0.6598708703125