5 0.2801105484375 0.34262975 0.186038334375 0.34333178124999997 0.1895484921875 0.476015725 0.28432273750000003 0.476015725 0.2801105484375 0.34262975
4 0.47527529218750003 0.3440338125 0.37909698281250004 0.3440338125 0.379799015625 0.47741978749999997 0.47597732343750004 0.47741978749999997 0.47527529218750003 0.3440338125
33 0.6474609375 0.34375 0.63604049375 0.3440338125 0.634765625 0.3564453125 0.6318283046875 0.47952588125 0.7275390625 0.478515625 0.733622865625 0.34473584375 0.6474609375 0.34375
33 0.830078125 0.3466796875 0.7529296875 0.34375 0.735026928125 0.3440338125 0.73046875 0.4775390625 0.8248869546875 0.47952588125 0.828125 0.4326171875 0.830078125 0.3466796875
42 0.95703125 0.6123046875 0.96484375 0.5087890625 0.96669730625 0.48373807031249993 0.8681640625 0.482421875 0.86328125 0.5419921875 0.859375 0.6103515625 0.8642578125 0.615234375 0.9501953125 0.6171875 0.95703125 0.6123046875
41 0.7705078125 0.482421875 0.767578125 0.5126953125 0.763671875 0.6123046875 0.8564453125 0.615234375 0.8649027468750001 0.48233400781249997 0.7705078125 0.482421875
51 0.765625 0.5869140625 0.7659163125 0.4802279140625 0.6865234375 0.48046875 0.669921875 0.4833984375 0.66796875 0.6103515625 0.6748046875 0.615234375 0.7645122484375 0.6143159203125 0.765625 0.5869140625
15 0.654296875 0.5927734375 0.654296875 0.4833984375 0.5615234375 0.48046875 0.55859375 0.6103515625 0.6474609375 0.615234375 0.65234375 0.6103515625 0.654296875 0.5927734375
14 0.55859375 0.4833984375 0.4677734375 0.48046875 0.46484375 0.6103515625 0.5537109375 0.61328125 0.55859375 0.5888671875 0.55859375 0.4833984375
14 0.37109375 0.4814453125 0.37109375 0.6103515625 0.4619140625 0.611328125 0.462890625 0.4814453125 0.37109375 0.4814453125
24 0.369140625 0.4814453125 0.2802734375 0.478515625 0.275390625 0.4833984375 0.27734375 0.6083984375 0.3681640625 0.611328125 0.369140625 0.4814453125
20 0.2744140625 0.611328125 0.27734375 0.6005859375 0.275898359375 0.4788238515625 0.1811241140625 0.47952588125 0.18182614531250002 0.5202437062499999 0.18359375 0.6064453125 0.1884765625 0.611328125 0.2744140625 0.611328125
19 0.18359375 0.5849609375 0.17972005156249998 0.4788238515625 0.0869140625 0.48046875 0.091796875 0.6064453125 0.1005859375 0.611328125 0.183230209375 0.6122098265625 0.18359375 0.5849609375