9 0.22026320625 0.8622135484375001 0.1808376984375 0.7852476640625 0.12229586562500001 0.8232857796875 0.15917653125 0.9110678859375 0.1754903078125 0.9069893406249999 0.2220844703125 0.87322534375 0.22026320625 0.8622135484375001
10 0.24163494375 0.7451245328125 0.2270965515625 0.7484081875 0.1832378234375 0.7787970453125 0.2227092109375 0.8675696171875 0.2399830375 0.8609108234375 0.284801815625 0.8279417171875 0.24163494375 0.7451245328125
11 0.2980660828125 0.7048058312500001 0.28885384531249997 0.7057048109374999 0.242259684375 0.73946880625 0.2440809484375 0.7504806015625001 0.2844665046875 0.8248662375 0.343008340625 0.7868281234375 0.2980660828125 0.7048058312500001
12 0.3452637515625 0.78474310625 0.35802675625 0.7822543453125 0.40462092031249997 0.7484903484375 0.40443032656250005 0.7410492640624999 0.3561278921875 0.6680578390624999 0.35046642499999997 0.667367034375 0.302096878125 0.7019259234375 0.3055488125 0.7165084328125 0.3452637515625 0.78474310625
1 0.4611967734375 0.7038060421875 0.4618215140625 0.6981503140624999 0.411743696875 0.62595378125 0.400756075 0.6276476515625 0.3559372984375 0.6606167578125001 0.4018396046875 0.7400588015625 0.41460261249999997 0.7375700375 0.4611967734375 0.7038060421875
7 0.772136415625 0.2538557375 0.7638842296874999 0.25217446875 0.7177242125000001 0.272841653125 0.7588792265625 0.3372059578125 0.8107007093749999 0.3172295765625 0.8105101140625001 0.30978849375 0.772136415625 0.2538557375
5 0.47481050937499997 0.5041743015625 0.47543524843749996 0.49851857343750006 0.4346155453125 0.4372297484375 0.4307294640625 0.4357440515625 0.38346468125 0.4633570890625 0.3836552765625 0.4707981734375 0.4226995953125 0.5328818890625 0.47481050937499997 0.5041743015625
18 0.4801366640625 0.5017896265624999 0.528361496875 0.4715963421875 0.48720648281249995 0.40723203750000003 0.47976963125000005 0.40733612499999994 0.4360556203125 0.433359378125 0.4346155453125 0.4372297484375 0.47625058437499995 0.5003039296875 0.4801366640625 0.5017896265624999
22 0.78734175625 0.5470293984375 0.8346065375 0.5194163625 0.8327852734375 0.508404565625 0.782418025 0.44493924218750003 0.72690105625 0.470871009375 0.72953765625 0.4836681609375 0.7781295203124999 0.5479283781250001 0.78734175625 0.5470293984375
23 0.8897423171875 0.478602428125 0.8375996828125001 0.4159319953125 0.7846734343749999 0.44285422499999993 0.788270084375 0.4530711296875 0.838637334375 0.5165364546875 0.8933389671875 0.4888193328125 0.8897423171875 0.478602428125
24 0.8955943765625 0.48673431562499997 0.9030312281249999 0.4866302296875 0.9502960109374999 0.45901719218750003 0.9475146953125 0.45058564375000004 0.8935966750000001 0.38871010156249997 0.88083366875 0.39119886406250004 0.841630478125 0.41305208593750004 0.8418210734375 0.4204931703125 0.8955943765625 0.48673431562499997
47 0.60827506875 0.31646921250000004 0.642808565625 0.38272296093749997 0.6981808171874999 0.361156796875 0.696359553125 0.35014500000000004 0.662351959375 0.29440781718750003 0.60827506875 0.31646921250000004
42 0.58771525625 0.18482289375 0.5879058515625 0.192263978125 0.6402920390625 0.234396515625 0.6820400703125 0.20172707031249998 0.6280232140625001 0.1560238203125 0.58771525625 0.18482289375
43 0.632534034375 0.1518537890625 0.632724628125 0.159294871875 0.682520096875 0.20043694687500002 0.7233080765625 0.1703477484375 0.6683311703125 0.12722474687500002 0.632534034375 0.1518537890625
44 0.764576084375 0.13896842812500002 0.7086391265625 0.0984256734375 0.6728419921875 0.12305471406249999 0.6722172515625 0.12871044375000001 0.7263788234375 0.1700480890625 0.7621759578125 0.145419046875 0.764576084375 0.13896842812500002
34 0.6662380406249999 0.2958935140625 0.7020668984375 0.36264249375 0.7574391515625 0.341076328125 0.7588792265625 0.3372059578125 0.7180595234375 0.275917134375 0.6662380406249999 0.2958935140625
39 0.26865058125 0.4577769703125 0.20162716718749998 0.435100378125 0.1739833796875 0.47758298125 0.1723985890625 0.48581895625 0.24364339375 0.513056725 0.271096584375 0.46313303906250003 0.26865058125 0.4577769703125
28 0.20110126250000002 0.42458381406249995 0.1995164703125 0.43281978906249996 0.2673552203125 0.45728173906249997 0.2946636984375 0.41172365624999996 0.2260096125 0.38547634999999997 0.20110126250000002 0.42458381406249995
29 0.32259691562500004 0.36050984375 0.256388834375 0.3396186078125 0.23517597031249998 0.37277068281250003 0.23085574375 0.38438179843750003 0.29950982812500004 0.41062910312499995 0.32504291875 0.3658659125 0.32259691562500004 0.36050984375
30 0.34909005625 0.3131664046875 0.28580800625 0.2963411125 0.26089965625 0.3354485765625 0.2646410203125 0.3412998765625 0.329073715625 0.36298600625 0.3546068078125 0.3182228125 0.34909005625 0.3131664046875
31 0.3637802421875 0.26573148125 0.3074550171875 0.250092225 0.2889775875 0.27986916093750003 0.2854726984375 0.2932656328125 0.3534561625 0.313361978125 0.374478434375 0.2727688171875 0.3637802421875 0.26573148125
26 0.5372384234375 0.4676218828125 0.5827278203125 0.4408037375 0.539797421875 0.377234325 0.5199328734375 0.3829026546875 0.48783122343749996 0.4015763109375 0.4880218171875 0.40901739375 0.5280261859375 0.46852086249999997 0.5372384234375 0.4676218828125