27 0.7564726734375 0.4848653859375 0.747172790625 0.492453671875 0.7649368046875 0.5230552312500001 0.804874078125 0.49784757968750004 0.7887976390625 0.4683288296875 0.7564726734375 0.4848653859375
27 0.5943680390625 0.767182875 0.5625185734375 0.7964503390625 0.582257496875 0.8238005953125 0.622482109375 0.7942588359375 0.603730640625 0.7652829265625 0.5943680390625 0.767182875
35 0.2525476078125 0.4032672421875 0.238885125 0.4103155640625 0.25537434375 0.44687688281250004 0.30712463125 0.4292488890625 0.2923229859375 0.39377037812500004 0.2525476078125 0.4032672421875
35 0.230119159375 0.6486887125 0.250505671875 0.6131958203125001 0.1999411921875 0.5863999093750001 0.17984202031250002 0.61755869375 0.230119159375 0.6486887125
36 0.7330187328125 0.3941320109375 0.722668675 0.397657609375 0.725208071875 0.445601359375 0.7590587156249999 0.4458584 0.7575067734375 0.396289 0.7330187328125 0.3941320109375
36 0.17308584062500001 0.46072511406250005 0.16158643125 0.4815871515625 0.1943504421875 0.50486896875 0.23008700937499998 0.46341056406250003 0.19627282343750002 0.43606605781249996 0.17308584062500001 0.46072511406250005
37 0.48293997343750006 0.41780030156250003 0.4723754890625 0.3714850796875 0.44323750781250004 0.3731222359375 0.4345750234375 0.3777306421875 0.4458396265625 0.426754325 0.4806777234375 0.42538571249999996 0.48293997343750006 0.41780030156250003
38 0.3216448234375 0.6215638546875 0.33330613124999997 0.5849910296874999 0.281816915625 0.565509109375 0.267130521875 0.601270546875 0.3216448234375 0.6215638546875
39 0.44834256874999995 0.501785540625 0.43636765781250003 0.5099166687500001 0.45215675937500005 0.543769528125 0.49814420937500004 0.5201846515625 0.48136765156249994 0.4879574421875 0.44834256874999995 0.501785540625
37 0.4845664078125 0.77806273125 0.47427907031250005 0.78727666875 0.49204308281250003 0.8178782281249999 0.537330415625 0.7915848921874999 0.5195664015625 0.7609833328125 0.4845664078125 0.77806273125
28 0.37135589687500004 0.23663086249999998 0.36409364843750003 0.2466561875 0.3528451203125 0.2902715796875 0.3901963515625 0.304070915625 0.40638215625 0.25232726875 0.37135589687500004 0.23663086249999998
29 0.5638748859375 0.3115844171875 0.5518999765625 0.3197155453125 0.5738646953125001 0.366567859375 0.6059023234375001 0.35436541250000003 0.586612634375 0.30697025624999996 0.5638748859375 0.3115844171875
30 0.3848098390625 0.332244065625 0.365222621875 0.3490462890625 0.39171183906249996 0.38072778125 0.43292390625 0.34956036875 0.4091097171875 0.31733603593750004 0.3848098390625 0.332244065625
30 0.68872474375 0.5713020421875 0.671337053125 0.5748305171875 0.6799266265624999 0.624397040625 0.713364490625 0.6176115109375 0.7071626078125 0.5718362546875 0.68872474375 0.5713020421875
31 0.5866914296875 0.405297671875 0.5658294171875 0.42805965625000003 0.5909184015625 0.45432422812500006 0.6260802921875 0.42153404375000003 0.601978765625 0.39364381875 0.5866914296875 0.405297671875
31 0.6785934171875 0.412302846875 0.6522194515625 0.4518613046875 0.6802708 0.47324892500000004 0.7086823984375 0.43612750624999996 0.7001818125 0.425025125 0.6785934171875 0.412302846875
0 0.8179516953125001 0.559330746875 0.8126643578125 0.566104771875 0.8096028140625 0.59238085 0.8523041031249999 0.6050944984375 0.860302925 0.5706901671875 0.8179516953125001 0.559330746875
0 0.35147273125 0.682498428125 0.31224576718749997 0.6505512671875 0.295970975 0.6638307703125 0.2864464765625 0.68144150625 0.32736101562500003 0.7144714750000001 0.3532230265625 0.689269575 0.35147273125 0.682498428125
5 0.44370281875 0.4457164140625 0.4027882796875 0.412686446875 0.3911634265625 0.4221718046875 0.37797644375 0.4419510328125 0.4121406890625 0.47064976875 0.42459110000000005 0.4752495453125 0.44370281875 0.4457164140625
5 0.795031671875 0.6993822359374999 0.8054181828125 0.6687691703125 0.7653292031250001 0.6498243390625 0.7603292046875 0.6522642546874999 0.7509301484375001 0.68125166875 0.7755436296875 0.694785334375 0.795031671875 0.6993822359374999
6 0.46280865000000004 0.26368093593749997 0.45879610625 0.2644952 0.4391724328125 0.308384890625 0.4715863859375 0.33031247656249996 0.49522260312500005 0.285608521875 0.46280865000000004 0.26368093593749997
6 0.7110802796875 0.380055503125 0.6795910625 0.3508139265625 0.6705157984375 0.34837976406250004 0.6523915375 0.376287246875 0.67643034375 0.39848913124999996 0.6939434734375001 0.406337334375 0.7110802796875 0.380055503125
7 0.5924135078125 0.6507076359374999 0.5605640421875 0.6799750984374999 0.5819905390625 0.7084081656250001 0.620527578125 0.6777835953125 0.6024762265625 0.6515161468749999 0.5924135078125 0.6507076359374999
8 0.258628353125 0.22530020468749998 0.25432847187499996 0.2304485796875 0.25604231093749996 0.2643071921875 0.31409365624999996 0.2710553296875 0.31365461250000004 0.23123695625 0.258628353125 0.22530020468749998
9 0.5579866078125 0.29425085625 0.5703480328125 0.2603864890625 0.5244962156249999 0.23548477499999998 0.50980981875 0.27124621250000003 0.5579866078125 0.29425085625
11 0.41410110624999996 0.7396273515625 0.40852643125 0.750735484375 0.4305903265625 0.776188671875 0.47278985 0.7433956078125 0.4513633515625 0.7149625421875 0.41410110624999996 0.7396273515625
3 0.24530143437500002 0.5059316421875 0.23762640625000003 0.5089143984375 0.2372034359375 0.5617351 0.2787918296875 0.564697721875 0.280202253125 0.5102513703125 0.24530143437500002 0.5059316421875
3 0.47273731874999997 0.6778439984375 0.4754750671875 0.682989496875 0.5030509171875 0.691646209375 0.510725946875 0.688663453125 0.5233119875 0.6447766374999999 0.5188866640625001 0.6385483328125 0.4913108140625 0.6298916203125 0.48433590468750004 0.6355828359375 0.47273731874999997 0.6778439984375
4 0.6684899390625 0.6509474171875 0.66447739375 0.65176168125 0.659979159375 0.69970830625 0.6952300390625 0.7053822656250001 0.6997282734375 0.6574356375 0.6684899390625 0.6509474171875
26 0.740699646875 0.5436516 0.734712190625 0.5477171640625 0.7278262671875 0.5918725234375 0.7620896875 0.59917213125 0.7692629515625 0.5506826625000001 0.740699646875 0.5436516
26 0.5577314203125 0.4838631140625 0.544617346875 0.4494674109375 0.5038545156249999 0.46058992656250003 0.497517003125 0.46330126250000003 0.507255928125 0.495531346875 0.5123186484375 0.4987797734375 0.5577314203125 0.4838631140625
13 0.6822398265625 0.3174952796875 0.6962888234375 0.284713721875 0.6521245796875 0.260894815625 0.6367380687499999 0.29394779375 0.6822398265625 0.3174952796875
19 0.2229180515625 0.29953441718749996 0.2006820703125 0.34965528749999997 0.2394335359375 0.368871540625 0.2606820609375 0.32037631875 0.2562567390625 0.3141480125 0.2229180515625 0.29953441718749996
20 0.7373464609375 0.786627403125 0.7504080015625 0.755471496875 0.7106063609375 0.73219255625 0.69451973125 0.762537075 0.7373464609375 0.786627403125
22 0.449507996875 0.5770881765625 0.44027083593749994 0.5903648031250001 0.465009759375 0.6152751453125 0.5028466796875 0.5819421171875 0.4787451546875 0.55405189375 0.449507996875 0.5770881765625
22 0.20440885625 0.71804309375 0.22043276406249998 0.6820102359375 0.17190591875 0.6576513625 0.1484943203125 0.69233286875 0.20440885625 0.71804309375
23 0.3695605375 0.6816784124999999 0.35666089375 0.69712353125 0.38308739062499997 0.7231166828125 0.4219117671875 0.6881580031250001 0.396122665625 0.6591849703125 0.3695605375 0.6816784124999999
24 0.3966448125 0.5849651421875001 0.391357475 0.5917391671875001 0.3965719015625 0.6391400734375 0.43408502968749996 0.6372286203125 0.43014539531249996 0.5838679515625 0.3966448125 0.5849651421875001
17 0.5056777203125 0.41318614218749994 0.5322661140625 0.42346850781249995 0.5372661140625 0.42102859375 0.550839609375 0.375516128125 0.5188384390625 0.360631109375 0.5138384390625 0.3630710234375 0.4995648234375 0.4058750296875 0.5056777203125 0.41318614218749994
17 0.5118694140625 0.5188246703125 0.5065820750000001 0.52559869375 0.5112582812500001 0.5545803546875 0.5601716421875 0.553205990625 0.5577576859375 0.51663891875 0.5118694140625 0.5188246703125
15 0.5349587984374999 0.8804327000000001 0.5402825921875001 0.846571209375 0.492581303125 0.836297475 0.4875813046875 0.8387373890625 0.48225751250000004 0.872598878125 0.4933704078125 0.8774700781250001 0.5349587984374999 0.8804327000000001
45 0.6033586203125 0.5187872765625 0.636096365625 0.5092932890624999 0.6221567359375 0.46081245 0.5894189890625 0.4703064375 0.6033586203125 0.5187872765625
47 0.3879297984375 0.524021940625 0.367939990625 0.4739183265625 0.3361897015625 0.4817866640625 0.3298521859375 0.484498 0.3323025984375 0.4939776046875 0.3515295671875 0.535684421875 0.3879297984375 0.524021940625
49 0.2504852921875 0.7329223609375 0.24223558750000002 0.7445733359375 0.2348114421875 0.7703094484374999 0.2876381703125 0.7895199468749999 0.3002869328125 0.751321471875 0.2504852921875 0.7329223609375
50 0.5516040296875 0.7487808859375 0.547377059375 0.6997543281249999 0.5152139906250001 0.700580096875 0.511264165625 0.7070827000000001 0.5147910203125 0.7534008 0.5486416625 0.7536578375 0.5516040296875 0.7487808859375
51 0.569424878125 0.632568440625 0.5801877140625 0.636085409375 0.6006996671875 0.61196919375 0.567810215625 0.5773107000000001 0.5584476125 0.5792106484375 0.5395605140625 0.5987213312499999 0.540610690625 0.6027840203125 0.569424878125 0.632568440625
51 0.6796451734375 0.7812334953125 0.664556190625 0.75008909375 0.6588560734375 0.74982055 0.620256315625 0.7747567796875 0.6339450624999999 0.8004842640625001 0.64069535625 0.804815496875 0.6796451734375 0.7812334953125
52 0.430279446875 0.17051339999999998 0.424004653125 0.178913075 0.41728062499999996 0.20735764531249998 0.4691198984375 0.2281937953125 0.4797937484375 0.19324662343750001 0.430279446875 0.17051339999999998
41 0.3906530515625 0.801396321875 0.4040019328125 0.76590630625 0.3551877484375 0.74588154375 0.33881377968750004 0.7805601734375001 0.3906530515625 0.801396321875
41 0.7272982359375 0.5135900062500001 0.730260603125 0.5087130546874999 0.7222092499999999 0.4775657765625 0.6753962421875 0.48706551875 0.6807725671875 0.5187556375 0.6858352859375 0.5220040625 0.7272982359375 0.5135900062500001
42 0.3126832296875 0.3255016796875 0.30768323125 0.3279415953125 0.3133104390625 0.38238507187500004 0.35152368125 0.3831820765625 0.34857150625 0.3281957578125 0.3126832296875 0.3255016796875
44 0.59115909375 0.5369408546875001 0.586509153125 0.5407349984375001 0.60411126875 0.5870473453125 0.6378364703125 0.5759277078125 0.6202343531250001 0.5296153609375 0.59115909375 0.5369408546875001