52 0.18359375 0.2919921875 0.1552734375 0.189453125 0.0869140625 0.20703125 0.0859375 0.2177734375 0.099609375 0.2705078125 0.1142578125 0.310546875 0.18359375 0.2919921875
41 0.2294921875 0.16796875 0.1630859375 0.185546875 0.158203125 0.1904296875 0.1865234375 0.2890625 0.2578125 0.2685546875 0.2294921875 0.16796875
42 0.33203125 0.2470703125 0.3017578125 0.14453125 0.2333984375 0.1640625 0.232421875 0.1748046875 0.255859375 0.2626953125 0.2607421875 0.267578125 0.33203125 0.2470703125
51 0.58203125 0.8076171875 0.5302734375 0.705078125 0.4658203125 0.73828125 0.46484375 0.7470703125 0.47265625 0.7646484375 0.5126953125 0.841796875 0.58203125 0.8076171875
46 0.158203125 0.7919921875 0.1220703125 0.689453125 0.0537109375 0.71484375 0.052734375 0.7255859375 0.0869140625 0.818359375 0.1064453125 0.814453125 0.158203125 0.7919921875
6 0.234375 0.7626953125 0.1943359375 0.6640625 0.1298828125 0.6875 0.125 0.6943359375 0.1611328125 0.791015625 0.1767578125 0.7890625 0.234375 0.7626953125
11 0.6025390625 0.671875 0.5380859375 0.701171875 0.53515625 0.7099609375 0.5830078125 0.806640625 0.654296875 0.7724609375 0.6025390625 0.671875
3 0.490234375 0.4443359375 0.4326171875 0.357421875 0.3720703125 0.39453125 0.369140625 0.4033203125 0.4267578125 0.48828125 0.4716796875 0.4609375 0.490234375 0.4443359375
33 0.30859375 0.7333984375 0.2685546875 0.6328125 0.2001953125 0.66015625 0.197265625 0.6669921875 0.201171875 0.6787109375 0.2353515625 0.763671875 0.30859375 0.7333984375
30 0.3701171875 0.53125 0.42578125 0.4892578125 0.3662109375 0.40234375 0.3095703125 0.4375 0.3046875 0.4423828125 0.306640625 0.4521484375 0.3623046875 0.53125 0.3701171875 0.53125
29 0.9287109375 0.3203125 0.8583984375 0.337890625 0.857421875 0.3505859375 0.8857421875 0.4453125 0.958984375 0.4228515625 0.9287109375 0.3203125
28 0.8525390625 0.337890625 0.7802734375 0.35546875 0.779296875 0.3642578125 0.8076171875 0.4609375 0.8828125 0.4404296875 0.8525390625 0.337890625
39 0.806640625 0.4619140625 0.78125 0.3681640625 0.7744140625 0.357421875 0.7041015625 0.376953125 0.701171875 0.3876953125 0.7294921875 0.482421875 0.7431640625 0.482421875 0.806640625 0.4619140625
24 0.6748046875 0.63671875 0.6611328125 0.638671875 0.6064453125 0.66796875 0.623046875 0.7099609375 0.6572265625 0.771484375 0.724609375 0.7373046875 0.6748046875 0.63671875
43 0.5546875 0.4013671875 0.4931640625 0.3125 0.4365234375 0.3515625 0.43359375 0.3583984375 0.439453125 0.3681640625 0.4931640625 0.443359375 0.5546875 0.4013671875