49 0.7475794859375 0.49359047812499995 0.7410472515625 0.510443684375 0.815109640625 0.5567128921875 0.868887621875 0.459028503125 0.7959770203125001 0.4121174953125 0.7475794859375 0.49359047812499995
50 0.90030734375 0.593473959375 0.9440997624999999 0.5096120421875 0.8788650328125 0.465030546875 0.871189159375 0.4627010359375 0.8642763921875 0.47150795937499995 0.8154922109375 0.559803046875 0.886099234375 0.607997653125 0.90030734375 0.593473959375
52 0.28975199375 0.26145987187499997 0.22644030937499998 0.20754849687500002 0.20800965625 0.2227734109375 0.1527075046875 0.29322879999999996 0.1999023015625 0.3363008453125 0.2198571265625 0.34830493281249997 0.28975199375 0.26145987187499997
41 0.3595877625 0.318342559375 0.2905191734375 0.26268405 0.2263852859375 0.341363984375 0.2225432734375 0.35011148593749997 0.22637917187499998 0.356232371875 0.28969289531250003 0.40518761875 0.3595877625 0.318342559375
42 0.35377175781250003 0.460323171875 0.36144763125 0.46265268437499996 0.43134249999999996 0.3758076265625 0.3626585203125 0.3182831390625 0.30774301406250004 0.381916421875 0.29122929218750004 0.40267984375 0.29468058125 0.4106667046875 0.35377175781250003 0.460323171875
43 0.40896386093750003 0.6574987609375 0.32952102499999997 0.6274409578125 0.3095397078125 0.679866553125 0.2918578921875 0.74092080625 0.3755212375 0.77523351875 0.4085731390625 0.674233125 0.40896386093750003 0.6574987609375
8 0.8736857828125 0.9254276062500001 0.94434986875 0.83485059375 0.8867950875 0.7826863515625 0.8722125609375 0.774295375 0.8061597046875001 0.85239293125 0.801548475 0.8648723875 0.8073033421875 0.8715756499999999 0.8736857828125 0.9254276062500001
9 0.9623368125 0.965219403125 0.98387490625 0.860724740625 0.9478052328125001 0.832925196875 0.882902128125 0.915337084375 0.8794426874999999 0.9271747390625 0.9400682234375 0.9792795609375 0.9496630640625 0.98219145 0.9623368125 0.965219403125
3 0.2108908875 0.6836340046875 0.2070427609375 0.7072498953124999 0.2880199578125 0.7397560515625 0.3268348765625 0.6256344031250001 0.24509050000000002 0.5919040703125 0.2108908875 0.6836340046875
30 0.130302375 0.639349615625 0.12414659531250001 0.6741613609375 0.2035894328125 0.7042191625 0.24201974375000002 0.591963490625 0.16027536874999998 0.5582331593750001 0.130302375 0.639349615625
26 0.7375939234375 0.507412953125 0.7932908734375 0.41031094218749997 0.7226838484375 0.36211633593750003 0.7142367203125 0.36847490625 0.667375584375 0.4474401125 0.6623797453125 0.4617855421875 0.6666002515625 0.46604045312500003 0.7375939234375 0.507412953125