40 0.4142475140625 0.431266659375 0.4092327921875 0.4368237453125 0.4136972296875 0.48703800468749997 0.45092548906249996 0.4840899671875 0.4477376609375 0.430162628125 0.4142475140625 0.431266659375
45 0.45457558125 0.42833115 0.45019916406249993 0.4320316984375 0.454025296875 0.484102496875 0.4912535546875 0.4811544578125 0.48991949687499997 0.42785432031250004 0.45457558125 0.42833115
46 0.49490364531250003 0.42539564218750003 0.49052723125000003 0.429096190625 0.49435336249999995 0.4811669890625 0.533435390625 0.47884615 0.5302475624999999 0.4249188109375 0.49490364531250003 0.42539564218750003
49 0.6733167609375 0.565550790625 0.667059696875 0.508512515625 0.6310774765625 0.510845884375 0.6342347328125 0.56787163125 0.6733167609375 0.565550790625
50 0.6757513859375 0.5073082390625 0.6706755234374999 0.519062140625 0.67641656875 0.565563321875 0.7154985984375 0.5632424828125 0.709241534375 0.5062042078125 0.6757513859375 0.5073082390625
52 0.39520959218749996 0.6641992812499999 0.39515214374999996 0.6071860671875 0.358592759375 0.6051791578125 0.3542737921875 0.6658929203125 0.39520959218749996 0.6641992812499999
41 0.4013517578125 0.607211128125 0.3953930203125 0.6456088328125 0.3976710953125 0.66606835 0.43796858906249997 0.6662312515625 0.437911140625 0.6092180359375 0.4013517578125 0.607211128125
42 0.44474906093750005 0.6073865578125 0.439734340625 0.6129436453125 0.44043009375000003 0.6681003203125 0.4807275875 0.668263221875 0.48130844218749996 0.6093934671875 0.44474906093750005 0.6073865578125
43 0.5731372593749999 0.790718928125 0.5538426624999999 0.73548706875 0.5196530671875 0.744644453125 0.5146383484375 0.7502015390625 0.531440871875 0.8066627390625 0.5712223468750001 0.79628854375 0.5731372593749999 0.790718928125
13 0.314686825 0.46804657031249997 0.3065417265625 0.476689534375 0.3203361546875 0.523842978125 0.35762555625000003 0.514698125 0.34389226875 0.4613478625 0.314686825 0.46804657031249997
13 0.31602088125 0.521346709375 0.304080221875 0.47482046406249995 0.27551308125 0.479662634375 0.26551421249999996 0.487678396875 0.2805241078125 0.5373155796875 0.313467665625 0.5287728640625 0.31602088125 0.521346709375
19 0.1257551296875 0.388580121875 0.0988583296875 0.4126399421875 0.13131274531249998 0.4536717546875 0.16316312187499998 0.43025166718749996 0.13627001562500002 0.3911014546875 0.1257551296875 0.388580121875
20 0.1974750015625 0.40870064843750004 0.16815096406250002 0.3645829578125 0.1625590828125 0.365799765625 0.1357234265625 0.38366276718750003 0.1338085140625 0.38923238437499996 0.16626292812500001 0.43026419687499995 0.1974750015625 0.40870064843750004
21 0.23178688125 0.3871496296875 0.2031011484375 0.3411754 0.17629606250000002 0.355939996875 0.16939700156249998 0.3639682890625 0.1975055734375 0.40560223906250004 0.2049512234375 0.4050126328125 0.23178688125 0.3871496296875
22 0.7522219156250001 0.3601272578125 0.7570874734374999 0.30685218124999997 0.7199509281250001 0.300504996875 0.7119855640625 0.353767540625 0.7522219156250001 0.3601272578125
23 0.7979009875 0.317552175 0.7886627078124999 0.3113177671875 0.7632870890625 0.3068772421875 0.756995759375 0.31614740625 0.7522219156250001 0.3601272578125 0.7899661953125 0.3677163125 0.7979009875 0.317552175
24 0.834609534375 0.367277075 0.8381679125 0.3208134828125 0.802277403125 0.31385162968749997 0.7979009875 0.317552175 0.7930660015625 0.36772884375000003 0.8289565109374999 0.37469069843749997 0.834609534375 0.367277075
25 0.1549105109375 0.1984481375 0.1480420203125 0.203378021875 0.1705281390625 0.2493271890625 0.20602491406249998 0.2333583171875 0.1835387953125 0.1874091515625 0.1549105109375 0.1984481375
14 0.24091395468750001 0.2161475765625 0.222135375 0.17145280937500001 0.20660576718749998 0.1744885640625 0.18478483125 0.18679448125 0.2017707828125 0.2246652328125 0.209763025 0.231514309375 0.24091395468750001 0.2161475765625
15 0.260670815625 0.161693284375 0.2551095046875 0.15981168437499998 0.230827065625 0.170248534375 0.22395857343749997 0.1751784171875 0.24459092343750002 0.22050038593750002 0.2794493921875 0.20638805312500003 0.260670815625 0.161693284375
16 0.28188401875 0.14814549999999999 0.26006308125 0.160451415625 0.285041275 0.2051712453125 0.318045975 0.1904317125 0.29555985625000003 0.14448254375 0.28188401875 0.14814549999999999
16 0 0.6006101453125 0.020499764062500002 0.6255021609375 0.052350140625 0.6020820734375001 0.022387798437500002 0.559820921875 0.015580450000000001 0.558553990625 0 0.571960984375 0 0.6006101453125
17 0.022387798437500002 0.559820921875 0.0523807125 0.5989836640624999 0.062318437500000004 0.59716471875 0.087938628125 0.576817978125 0.0567608203125 0.5320730874999999 0.0468230953125 0.533892034375 0.026825356249999998 0.5499235578125 0.0205646 0.5560953125 0.022387798437500002 0.559820921875
33 0.3410723234375 0.8728214703124999 0.336057603125 0.87837855625 0.338335678125 0.8988380734374999 0.382856734375 0.9107924671875001 0.378908315625 0.8711153015624999 0.3410723234375 0.8728214703124999
39 0.6572869328125 0.80779116875 0.6522722125 0.8133482546874999 0.653545128125 0.8728452093750001 0.69569639375 0.8736353093749999 0.6957000859375 0.8104252765625001 0.6572869328125 0.80779116875
28 0.7384553921875 0.875667278125 0.7403128546875 0.813084446875 0.70004593125 0.8098231390624999 0.69694243125 0.8730206390624999 0.7384553921875 0.875667278125
29 0.74651246875 0.813109509375 0.7408594453124999 0.8205231328125 0.7409168953124999 0.8775363484375 0.7842836265625001 0.8808101875000001 0.7824335484375 0.8169729562500001 0.74651246875 0.813109509375
30 0.4344676625 0.76970805625 0.43066840937500006 0.7777488796875 0.4474709328125 0.83421008125 0.48852901718749997 0.820122809375 0.472364796875 0.761805071875 0.4344676625 0.76970805625
5 0.586177459375 0.22312063906250001 0.58900581875 0.1878088125 0.5537841859375 0.1758920109375 0.549346628125 0.1857893734375 0.5483720390625 0.2217284015625 0.586177459375 0.22312063906250001
5 0.8483696999999999 0.4807389578125 0.8433549796875001 0.4862960421875 0.840981496875 0.5383417796875001 0.8837099234375 0.5434721578125 0.8867217109375 0.48956988125 0.8483696999999999 0.4807389578125
6 0.89106755625 0.48896774374999996 0.88732944375 0.4908117515625 0.883679353125 0.5465705671875 0.924554009375 0.55107374375 0.9282041 0.495314928125 0.89106755625 0.48896774374999996
7 0.958589296875 0.5549557843749999 0.963393821875 0.5000398171875 0.9344037140625 0.49533999062499995 0.9293889953125 0.5008970765625 0.9270155125 0.5529428140625 0.958589296875 0.5549557843749999
9 0.3124809703125 0.25176014375 0.3074051078125 0.2635140453125 0.3063693765625 0.3056498890625 0.3441747984375 0.307042128125 0.3465482796875 0.254996390625 0.3124809703125 0.25176014375
10 0.3533861984375 0.25316491406249997 0.3477331734375 0.2605785375 0.34727460468750004 0.307054659375 0.385080025 0.308446896875 0.3874535078125 0.256401159375 0.3533861984375 0.25316491406249997
11 0.39243765625 0.2539424828125 0.388061240625 0.257643028125 0.3863260625 0.307832228125 0.424131484375 0.309224465625 0.428358734375 0.2578059296875 0.39243765625 0.2539424828125
12 0.46625217656249995 0.313112975 0.4667718890625 0.2604400375 0.43021250625 0.25843312812499997 0.4278084515625 0.313577275 0.46625217656249995 0.313112975
1 0.47175603749999995 0.257981359375 0.4680179265625 0.2598253671875 0.46749821562499994 0.3124983046875 0.5053036343749999 0.31389054375000003 0.508315421875 0.2599882671875 0.47175603749999995 0.257981359375
12 0.9731965765625 0.38799381093749996 0.95167219375 0.37890500625 0.931338171875 0.42901902031250005 0.968243940625 0.44460270937499996 0.9731965765625 0.38799381093749996
3 0.480479325 0.756260515625 0.47297253125000005 0.763046940625 0.48977505312499997 0.8195081406250001 0.5295565296875 0.8091339453125 0.5140306156250001 0.74895966875 0.480479325 0.756260515625
3 0.1122062953125 0.8192212546875 0.12472780937500001 0.8068777468749999 0.1229046109375 0.8031521375 0.0848583140625 0.7633371328125 0.07926643125 0.7645539390625 0.050424148437500003 0.7972817828125 0.0639777015625 0.8060124625 0.1122062953125 0.8192212546875
4 0.1124239875 0.7343223671875 0.08610435 0.7627224625 0.12725045468750001 0.8025499999999999 0.1566699 0.774162434375 0.121723409375 0.7343599609375 0.1124239875 0.7343223671875
8 0.7625386046875 0.6340791625 0.756247275 0.643349325 0.7563658671875 0.6941657234374999 0.797878828125 0.6968123625 0.7984596828125 0.637942609375 0.7625386046875 0.6340791625
9 0.8412761312500001 0.69698779375 0.8418569859374999 0.6381180390625001 0.8034438312500001 0.6354839328125 0.7997631703125 0.6943411546875 0.8412761312500001 0.69698779375
10 0.8833968249999999 0.700876303125 0.8839776796875001 0.6420065484374999 0.8462028296874999 0.6375159 0.8443759390625001 0.6970003250000001 0.8833968249999999 0.700876303125
26 0.590749409375 0.5137813921875 0.585096384375 0.5211950171875 0.591414590625 0.5720364765625 0.631134925 0.5678591 0.62673163125 0.5114480234375 0.590749409375 0.5137813921875
0 0.276208834375 0.534819309375 0.26119894062500004 0.48518212812500006 0.2338472640625 0.49250803593750003 0.22384839531249998 0.5005237984375001 0.2388582921875 0.55016098125 0.274293921875 0.5403889265624999 0.276208834375 0.534819309375
18 0.6264443828124999 0.22638194843749998 0.627934990625 0.2009800125 0.5927133578125 0.1890632109375 0.5882758015625 0.198960575 0.5886389624999999 0.224989709375 0.6264443828124999 0.22638194843749998
24 0.556048515625 0.9517734953125 0.5535258703125 0.9561012421875 0.5589343234374999 0.9734748828124999 0.602817075 0.9872858156250001 0.5970148859375 0.9469814484375 0.556048515625 0.9517734953125