19 0.261836525 0.49382436093750004 0.2676662765625 0.49781963281249997 0.34994762968750004 0.483711353125 0.3532670953125 0.47614937656249995 0.323500428125 0.3573806734375 0.3100165953125 0.3546978015625 0.2338941828125 0.36974799062499997 0.2370904296875 0.39817015625 0.261836525 0.49382436093750004
16 0.4417965828125 0.46796257656250007 0.414931 0.3397056890625 0.323829615625 0.3543273125 0.3541038578125 0.48000179374999996 0.4417965828125 0.46796257656250007
17 0.41684451874999995 0.3393775875 0.44595281093750005 0.4642530140625 0.531732015625 0.45254189843750003 0.5333779562500001 0.4372750890625 0.5067799515625 0.3239569109375 0.41684451874999995 0.3393775875
7 0.569507725 0.31120341875 0.595207359375 0.4386612515625 0.6863087421875 0.42403962812499996 0.6636885796875001 0.29705275000000003 0.65594530625 0.29338557656250003 0.569507725 0.31120341875
12 0.7585278078125001 0.27679535781250003 0.6674264265625001 0.2914169796875 0.667872390625 0.31631483125000004 0.6885514500000001 0.4206581671875 0.6943812015625 0.42465343750000006 0.781984734375 0.40763465156249995 0.7585278078125001 0.27679535781250003
3 0.8565357015625 0.2619884890625 0.8392248312499999 0.2599618140625 0.760441328125 0.27646725625 0.7846458234375 0.4061793984375 0.87425206875 0.3938120828125 0.877153153125 0.384323896875 0.8565357015625 0.2619884890625
34 0.2432089 0.504011134375 0.24933381406250002 0.5459167593750001 0.27348314218750003 0.6296856171874999 0.36267100625 0.6153920921875 0.3347286640625 0.49131572031250004 0.2432089 0.504011134375
37 0.4559259046875 0.5924094359375001 0.4284911375 0.47523884375 0.336971371875 0.48793425937499996 0.3418411421875 0.52406125625 0.3653320953125 0.6139368390625 0.45302482031249997 0.601897621875 0.4559259046875 0.5924094359375001
40 0.5563548921875 0.5841802484375 0.5314028265624999 0.455595259375 0.44030144375 0.4702168828125 0.4686621671875 0.5962194640625 0.5563548921875 0.5841802484375
46 0.6501173640625 0.568103371875 0.6232517796875 0.43984648281250005 0.5340639171875 0.45414000625 0.5609295000000001 0.58239689375 0.6501173640625 0.568103371875
49 0.763433415625 0.55067170625 0.7399764906249999 0.4198324109375 0.6462140171875 0.4359092890625 0.6719136515625 0.5633671234375 0.763433415625 0.55067170625
52 0.8490471218750001 0.4011307390625 0.791970715625 0.40792036249999997 0.7537895109375 0.4194619234375 0.7790707625 0.5449935499999999 0.8705905265625 0.5322981328124999 0.8701445624999999 0.507400284375 0.8490471218750001 0.4011307390625
41 0.964353 0.5162212562499999 0.9447231140625 0.3847257625 0.8509606421875 0.4008026390625 0.8728332359375001 0.528916671875 0.964353 0.5162212562499999