36 0.3442847671875 0.551682428125 0.30646708125 0.50349438125 0.235712709375 0.5540707765625 0.2719773765625 0.6060447828125 0.3442847671875 0.551682428125
28 0.4250020890625 0.292107309375 0.4167709171875 0.29739645625 0.40178420625 0.326542746875 0.3965816890625 0.3466139328125 0.4711421234375 0.3828087859375 0.4985271796875 0.33082613437499997 0.4250020890625 0.292107309375
30 0.758044859375 0.39268488125 0.66822598125 0.3899929734375 0.6670616671875 0.42977353906250004 0.668537303125 0.448341534375 0.67390838125 0.45371897343749995 0.7591197937499999 0.452866125 0.758044859375 0.39268488125
13 0.5084835234375 0.642728421875 0.46204596249999996 0.563834915625 0.411649375 0.5906424578125 0.4098246234375 0.59878506875 0.45269006562499997 0.67160984375 0.46193079062500003 0.671248040625 0.5084835234375 0.642728421875
18 0.545393034375 0.5084194625 0.5456131796875 0.5189654484374999 0.6056134015625 0.535242028125 0.6279764953125 0.45117133125000003 0.5679762734375 0.4348947515625 0.545393034375 0.5084194625
19 0.40543550625 0.45802190937500004 0.41089776093749997 0.5112019250000001 0.497662190625 0.506563115625 0.49298934218749996 0.4477644609375 0.40905921406249995 0.449188003125 0.40543550625 0.45802190937500004
21 0.5172839578125 0.6212746499999999 0.5542090609375 0.7048866109375 0.6112580109375 0.6840272015625 0.5952479546875 0.6380896125 0.5740869656250001 0.597320571875 0.5172839578125 0.6212746499999999
40 0.2938245953125 0.6710004609375 0.31798844375 0.7340028546874999 0.37863530624999997 0.71176085625 0.34582578750000004 0.625504321875 0.28877683906249996 0.64636373125 0.2938245953125 0.6710004609375
46 0.2639507546875 0.403958996875 0.27328265625000003 0.45139977187499997 0.3338779328125 0.44406041093750004 0.3203134734375 0.35891295 0.2604818109375 0.368084990625 0.2639507546875 0.403958996875
48 0.4347538828125 0.8113845296875001 0.43189378749999996 0.822051115625 0.4843748609375 0.8603521609375001 0.5369969 0.7837887609374999 0.48375221562500004 0.7436550375000001 0.4347538828125 0.8113845296875001
52 0.7278135046875 0.5254906515625 0.671462784375 0.49292884531250003 0.6332581921875 0.5565105781249999 0.6293627515625 0.5697011375 0.6831509046875001 0.6011215562500001 0.692417421875 0.5933084359375 0.7278135046875 0.5254906515625