49 0.7314453125 0.314453125 0.701171875 0.4091796875 0.6982421875 0.427734375 0.7783203125 0.451171875 0.810546875 0.3388671875 0.7314453125 0.314453125
50 0.892578125 0.3662109375 0.8212890625 0.341796875 0.8134765625 0.341796875 0.80859375 0.3525390625 0.779296875 0.4541015625 0.8564453125 0.48046875 0.8671875 0.4619140625 0.892578125 0.3662109375
52 0.216796875 0.3173828125 0.1455078125 0.283203125 0.130859375 0.3037109375 0.091796875 0.3896484375 0.1455078125 0.41796875 0.1669921875 0.423828125 0.216796875 0.3173828125
41 0.294921875 0.3525390625 0.2177734375 0.318359375 0.171875 0.4150390625 0.169921875 0.4248046875 0.1748046875 0.4296875 0.2451171875 0.458984375 0.294921875 0.3525390625
42 0.3251953125 0.494140625 0.375 0.3876953125 0.2978515625 0.3515625 0.2578125 0.4306640625 0.24609375 0.4560546875 0.2509765625 0.462890625 0.3173828125 0.494140625 0.3251953125 0.494140625
43 0.4091796875 0.671875 0.3271484375 0.666015625 0.318359375 0.7236328125 0.3134765625 0.7890625 0.400390625 0.7978515625 0.412109375 0.6884765625 0.4091796875 0.671875
8 0.95703125 0.6865234375 0.8916015625 0.65234375 0.8759765625 0.6484375 0.828125 0.7451171875 0.826171875 0.7587890625 0.8330078125 0.763671875 0.9072265625 0.796875 0.95703125 0.6865234375
9 1 0.7001953125 0.9599609375 0.68359375 0.9140625 0.7841796875 0.9130859375 0.796875 0.9814453125 0.830078125 0.9912109375 0.830078125 1 0.8095703125 1 0.7001953125
3 0.2392578125 0.65625 0.224609375 0.7568359375 0.2255859375 0.78125 0.3095703125 0.7890625 0.32421875 0.6650390625 0.2392578125 0.65625
30 0.1513671875 0.6484375 0.138671875 0.7373046875 0.1396484375 0.7734375 0.2216796875 0.779296875 0.236328125 0.6572265625 0.1513671875 0.6484375
26 0.728515625 0.3134765625 0.6513671875 0.287109375 0.64453125 0.2958984375 0.615234375 0.3876953125 0.61328125 0.4033203125 0.6181640625 0.40625 0.6943359375 0.42578125 0.728515625 0.3134765625