27 0.07129068125 0.64189375625 0.05997602656249999 0.6689938921875 0.113088409375 0.696163090625 0.161277284375 0.6133075234375001 0.10743779375 0.5850115703125 0.07129068125 0.64189375625
32 0.21348624218749998 0.6443277703125 0.16110096406250002 0.618285321875 0.1449719578125 0.6405504625 0.1138155171875 0.6972898453124999 0.12081119062500001 0.7055051 0.1691092203125 0.7278393046875 0.21348624218749998 0.6443277703125
33 0.22419469531249997 0.6451689125 0.21847691406249997 0.6441849640624999 0.2116793890625 0.6520298625 0.17174225468749998 0.7292940406249999 0.227939384375 0.755992453125 0.27422233125 0.6728088999999999 0.22419469531249997 0.6451689125
34 0.3584256625 0.580124853125 0.355439990625 0.5886257171875 0.38008437968750003 0.6399432046875 0.4616210953125 0.6008882078125 0.43833184375 0.54379415 0.3584256625 0.580124853125
35 0.48553837812499995 0.6510789421875 0.4623482015625 0.6020149609375001 0.3886115125 0.6374040890625 0.3794563484375 0.6468465296875 0.403649025 0.7000895390624999 0.48518573906249995 0.66103454375 0.48553837812499995 0.6510789421875
36 0.4873670609375 0.664414803125 0.48164928125 0.6634308546875001 0.40746087812500004 0.70074550625 0.40402349531250004 0.71117189375 0.4286678828125 0.76248938125 0.5106563109375 0.7215088609375 0.4873670609375 0.664414803125
37 0.5393879484374999 0.7765345906250001 0.51328934375 0.722963596875 0.434837375 0.7615478078125 0.4313999921875 0.7719741953125 0.45604438125 0.8232916828124999 0.538032809375 0.7823111625 0.5393879484374999 0.7765345906250001
38 0.5462073046875 0.7897276468750001 0.5368539890624999 0.7831099312500001 0.4603079484375 0.8220221265625 0.4573222765625 0.830522990625 0.4834208796875 0.884093984375 0.568218659375 0.8395904 0.5462073046875 0.7897276468750001
5 0.043046009375 0.3565772796875 0.036799271875 0.37052673281250004 0.080029384375 0.4060116171875 0.142661321875 0.33766103593749996 0.096798175 0.3007214125 0.043046009375 0.3565772796875
6 0.1342332640625 0.3482302296875 0.079853065625 0.41098941718750004 0.12335857187499999 0.4495265796875 0.1840845828125 0.380848015625 0.14203328906249998 0.34456435937499996 0.1342332640625 0.3482302296875
7 0.17140303750000002 0.48984646249999997 0.2293196953125 0.4246909625 0.1896260421875 0.38680976562499997 0.1839082625 0.38582581718750003 0.1695861078125 0.400388859375 0.1255398921875 0.45290684062500003 0.15705905 0.4833715515625 0.17140303750000002 0.48984646249999997
8 0.17774885 0.4839270875 0.1715021125 0.4978765390625 0.21618643906249999 0.53561493125 0.2792700890625 0.4653388265625 0.231952728125 0.4261456984375 0.17774885 0.4839270875
12 0.36466398906249997 0.2957342671875 0.336306821875 0.25179089062500004 0.29005745625 0.27989065625 0.2596835359375 0.3037109609375 0.2894949171875 0.34990784375 0.36476306406250003 0.30376434375 0.36466398906249997 0.2957342671875
1 0.39820998125 0.3555949921875 0.36784781093749996 0.30329355625 0.3565113265625 0.3093557359375 0.294033878125 0.3516905625 0.30285823437500003 0.3732416796875 0.324396046875 0.40399199843750006 0.39820998125 0.3555949921875
2 0.3286596125 0.40272244218750003 0.32657736718749997 0.40737225937500005 0.361654815625 0.4564786140625 0.43546874999999996 0.4080816078125 0.4008430140625 0.35704972968750004 0.3286596125 0.40272244218750003
4 0.6772023796875 0.40460725468750003 0.684826084375 0.4059191859375 0.7421919546875 0.33465913125 0.69442288125 0.2973915265625 0.64448256875 0.35390335781250004 0.6360545125 0.36447255 0.6373324078125 0.37170385625 0.6772023796875 0.40460725468750003
31 0.69976619375 0.287293121875 0.653903046875 0.2503535 0.602056809375 0.306537346875 0.5936287515625 0.317106540625 0.5949066453125 0.324337846875 0.640494396875 0.35822519375 0.69976619375 0.287293121875
44 0.659246359375 0.24025509375 0.6138349265625 0.20138994999999998 0.5615369734375 0.2594993203125 0.5559182687499999 0.2665454484375 0.5567444515625 0.2757022796875 0.6004262765624999 0.309261640625 0.659246359375 0.24025509375
17 0.5729624531249999 0.164307521875 0.565338746875 0.162995590625 0.5186594984374999 0.21405883281250002 0.5069703765625 0.2300766140625 0.552381809375 0.268941759375 0.61310781875 0.20026319531249998 0.5729624531249999 0.164307521875
24 0.255102584375 0.08657089531249999 0.18576211874999998 0.07363675625 0.17986801875 0.0776306078125 0.148414353125 0.1102797609375 0.1948282875 0.1533239359375 0.24812874062499998 0.09939359375 0.255102584375 0.08657089531249999