45 0.78515625 0.4970703125 0.7802734375 0.490234375 0.7353515625 0.501953125 0.744140625 0.5556640625 0.7529296875 0.57421875 0.796875 0.5595703125 0.78515625 0.4970703125
46 0.6279296875 0.587890625 0.5615234375 0.611328125 0.55859375 0.6181640625 0.5771484375 0.6640625 0.64453125 0.6337890625 0.6279296875 0.587890625
47 0.8583984375 0.46875 0.849609375 0.3994140625 0.8466796875 0.396484375 0.8056640625 0.404296875 0.802734375 0.4208984375 0.810546875 0.4736328125 0.8212890625 0.4765625 0.8583984375 0.46875
44 0.6171875 0.7763671875 0.61328125 0.7646484375 0.5888671875 0.732421875 0.5380859375 0.76953125 0.529296875 0.7802734375 0.5556640625 0.8203125 0.5615234375 0.8203125 0.6171875 0.7763671875
43 0.4140625 0.2470703125 0.3876953125 0.220703125 0.3818359375 0.220703125 0.328125 0.2744140625 0.3681640625 0.31640625 0.423828125 0.2646484375 0.4140625 0.2470703125
43 0.357421875 0.4228515625 0.3037109375 0.359375 0.2666015625 0.38671875 0.259765625 0.3974609375 0.3134765625 0.45703125 0.3212890625 0.455078125 0.357421875 0.4228515625
35 0.5458984375 0.37109375 0.537109375 0.3779296875 0.521484375 0.4208984375 0.5888671875 0.44921875 0.607421875 0.4013671875 0.5458984375 0.37109375
36 0.79296875 0.6982421875 0.76171875 0.6611328125 0.7470703125 0.650390625 0.71484375 0.6865234375 0.7607421875 0.736328125 0.787109375 0.7099609375 0.79296875 0.6982421875
37 0.4765625 0.4931640625 0.4072265625 0.4609375 0.388671875 0.4970703125 0.384765625 0.5068359375 0.3876953125 0.513671875 0.4541015625 0.54296875 0.4765625 0.4931640625
39 0.505859375 0.6630859375 0.4697265625 0.626953125 0.44921875 0.6435546875 0.4140625 0.6806640625 0.4140625 0.6865234375 0.4521484375 0.720703125 0.505859375 0.6630859375
29 0.66015625 0.1240234375 0.6416015625 0.072265625 0.5751953125 0.08984375 0.57421875 0.1025390625 0.5908203125 0.146484375 0.6513671875 0.130859375 0.66015625 0.1240234375
30 0.4775390625 0.23828125 0.470703125 0.2412109375 0.4609375 0.2587890625 0.4375 0.3076171875 0.4853515625 0.3359375 0.521484375 0.2666015625 0.4775390625 0.23828125
30 0.7060546875 0.37109375 0.69921875 0.3740234375 0.7001953125 0.42578125 0.767578125 0.4248046875 0.7685546875 0.375 0.7060546875 0.37109375
27 0.236328125 0.4677734375 0.267578125 0.4267578125 0.1982421875 0.373046875 0.162109375 0.4150390625 0.16015625 0.4189453125 0.1669921875 0.42578125 0.2275390625 0.470703125 0.236328125 0.4677734375
2 0.53125 0.2080078125 0.515625 0.1435546875 0.5009765625 0.140625 0.4619140625 0.1484375 0.4609375 0.1591796875 0.478515625 0.2294921875 0.5302734375 0.220703125 0.53125 0.2080078125
2 0.4736328125 0.71875 0.4091796875 0.75 0.40234375 0.7587890625 0.4267578125 0.8046875 0.494140625 0.7685546875 0.4736328125 0.71875
3 0.3203125 0.7412109375 0.2939453125 0.705078125 0.2236328125 0.75 0.224609375 0.7587890625 0.2529296875 0.798828125 0.32421875 0.7548828125 0.3203125 0.7412109375
1 0.634765625 0.5478515625 0.6083984375 0.505859375 0.5498046875 0.54296875 0.546875 0.5517578125 0.5732421875 0.58984375 0.5849609375 0.5859375 0.634765625 0.5478515625
9 0.521484375 0.5947265625 0.4697265625 0.546875 0.44921875 0.5654296875 0.431640625 0.5888671875 0.4892578125 0.63671875 0.521484375 0.6005859375 0.521484375 0.5947265625
20 0.205078125 0.5517578125 0.232421875 0.5087890625 0.2197265625 0.49609375 0.1591796875 0.462890625 0.15234375 0.4658203125 0.126953125 0.5068359375 0.125 0.5126953125 0.1298828125 0.517578125 0.1962890625 0.5546875 0.205078125 0.5517578125
14 0.681640625 0.6572265625 0.6767578125 0.65234375 0.6318359375 0.6640625 0.64453125 0.7373046875 0.6904296875 0.7265625 0.693359375 0.7158203125 0.681640625 0.6572265625
14 0.2587890625 0.115234375 0.212890625 0.1748046875 0.2119140625 0.18359375 0.2626953125 0.21875 0.310546875 0.1533203125 0.2587890625 0.115234375
17 0.326171875 0.5908203125 0.2958984375 0.548828125 0.2470703125 0.578125 0.24609375 0.5830078125 0.2900390625 0.6484375 0.33984375 0.6181640625 0.326171875 0.5908203125
16 0.6982421875 0.18359375 0.677734375 0.2041015625 0.666015625 0.2255859375 0.7216796875 0.271484375 0.75 0.2294921875 0.6982421875 0.18359375