27 0.3603515625 0.44921875 0.2841796875 0.451171875 0.279296875 0.4541015625 0.28125 0.5771484375 0.3359375 0.5771484375 0.3662109375 0.576171875 0.37109375 0.5712890625 0.3671875 0.4521484375 0.3603515625 0.44921875
32 0.2451171875 0.21484375 0.1650390625 0.21484375 0.16015625 0.2177734375 0.16015625 0.3388671875 0.1669921875 0.341796875 0.1953125 0.3408203125 0.2470703125 0.33984375 0.25 0.3369140625 0.25 0.2197265625 0.2451171875 0.21484375
33 0.25 0.3369140625 0.337890625 0.3369140625 0.337890625 0.2138671875 0.2529296875 0.212890625 0.25 0.2158203125 0.25 0.3369140625
35 0.427734375 0.3369140625 0.4306640625 0.33984375 0.515625 0.3388671875 0.515625 0.2158203125 0.4306640625 0.21484375 0.427734375 0.2177734375 0.427734375 0.3369140625
26 0.33984375 0.2158203125 0.33984375 0.3369140625 0.3447265625 0.33984375 0.42578125 0.3388671875 0.427734375 0.2158203125 0.4248046875 0.212890625 0.3427734375 0.212890625 0.33984375 0.2158203125
0 0.4541015625 0.447265625 0.3720703125 0.44921875 0.369140625 0.4521484375 0.37109375 0.5732421875 0.3828125 0.5751953125 0.4326171875 0.57421875 0.4609375 0.5693359375 0.458984375 0.4794921875 0.4541015625 0.447265625
8 0.5888671875 0.64453125 0.5859375 0.6474609375 0.583984375 0.7705078125 0.5869140625 0.7734375 0.671875 0.7744140625 0.67578125 0.7412109375 0.67578125 0.6494140625 0.6416015625 0.64453125 0.5888671875 0.64453125
1 0.58984375 0.3154296875 0.587890625 0.3916015625 0.58984375 0.4365234375 0.677734375 0.4365234375 0.6796875 0.3154296875 0.6748046875 0.3125 0.5927734375 0.3125 0.58984375 0.3154296875
2 0.6796875 0.4365234375 0.6826171875 0.439453125 0.765625 0.4384765625 0.767578125 0.3193359375 0.7626953125 0.314453125 0.6806640625 0.314453125 0.6796875 0.4365234375
3 0.767578125 0.3173828125 0.767578125 0.4384765625 0.8515625 0.4404296875 0.85546875 0.3193359375 0.8505859375 0.31640625 0.7705078125 0.314453125 0.767578125 0.3173828125
4 0.85546875 0.4404296875 0.8583984375 0.443359375 0.94140625 0.4423828125 0.94140625 0.3212890625 0.8583984375 0.318359375 0.85546875 0.3212890625 0.85546875 0.4404296875
40 0.1826171875 0.453125 0.1005859375 0.455078125 0.099609375 0.5791015625 0.1025390625 0.58203125 0.15234375 0.5810546875 0.1865234375 0.580078125 0.189453125 0.5771484375 0.1875 0.4560546875 0.1826171875 0.453125
13 0.2744140625 0.451171875 0.2177734375 0.451171875 0.1875 0.4560546875 0.189453125 0.5771484375 0.1923828125 0.580078125 0.208984375 0.5791015625 0.2744140625 0.578125 0.279296875 0.5751953125 0.27734375 0.4541015625 0.2744140625 0.451171875
21 0.404296875 0.7705078125 0.4072265625 0.7734375 0.494140625 0.7724609375 0.49609375 0.6455078125 0.4111328125 0.642578125 0.40625 0.6513671875 0.404296875 0.7705078125
48 0.49609375 0.6650390625 0.494140625 0.7685546875 0.4990234375 0.7734375 0.583984375 0.7724609375 0.5859375 0.6494140625 0.5810546875 0.64453125 0.5009765625 0.642578125 0.49609375 0.6650390625