13 0.601802640625 0.20126031875 0.5244157859375 0.3163112375 0.525694275 0.3230322625 0.6042330828125 0.37059935781250003 0.6816199359375 0.25554844062500004 0.601802640625 0.20126031875
19 0.1737352890625 0.2918857703125 0.099556521875 0.38652490625 0.176068196875 0.44580139062499996 0.269666828125 0.3339670921875 0.193155153125 0.27469060624999997 0.1737352890625 0.2918857703125
22 0.5120842828125001 0.5944302140625 0.5062401328125 0.608439553125 0.5994143515625 0.7031237015625 0.6067136046875 0.7042191984375 0.668613596875 0.641949940625 0.674969140625 0.6306290109375 0.5855328578125001 0.5406845203125 0.574239971875 0.5335051609375 0.5679635109375 0.537786484375 0.5120842828125001 0.5944302140625
0 0.47267780468750004 0.55874305 0.4864301359375 0.5639410375 0.5445131109375 0.5039717312499999 0.5503572578125 0.48996239218750004 0.45659256406250004 0.39962944375 0.45090657968750003 0.39955956718749996 0.43174241406249997 0.4180989359375 0.3837529171875 0.47148696718750005 0.47267780468750004 0.55874305
5 0.41378555625 0.666645403125 0.3992055015625 0.686917434375 0.4983214 0.7830156625 0.5709053484375 0.70981393125 0.47102235625000005 0.609683090625 0.41378555625 0.666645403125
6 0.46550508749999997 0.4017505625 0.46517030625 0.407445965625 0.5524819234375 0.49367642500000003 0.56623425625 0.49887441250000003 0.62321535625 0.4405678953125 0.6301613796875001 0.42489576875 0.536396684375 0.33456281718750003 0.5296088250000001 0.33615573125 0.5093427875 0.3563578875 0.46550508749999997 0.4017505625
27 0.26006364375 0.7308036484375 0.3523732328125 0.8060317609375 0.37257864218750003 0.815332240625 0.43133117656250003 0.7439721296874999 0.4344601828125 0.730599953125 0.3303463125 0.6455040734375 0.31423206718749996 0.657710875 0.2681115390625 0.7134687343749999 0.26006364375 0.7308036484375
37 0.303590290625 0.616677684375 0.311480021875 0.6134219859375001 0.40848180625 0.51202274375 0.40023884218749994 0.49851081875 0.3401946421875 0.4437951578125 0.32738602031249997 0.45101359687500003 0.244118115625 0.5351477984375 0.23445695 0.5514570921875 0.303590290625 0.616677684375
29 0.1559787734375 0.474387359375 0.17712789375 0.496104265625 0.2330018453125 0.536352253125 0.23978970312499998 0.5347593421875 0.326600475 0.4245179546875 0.31564236874999996 0.41164319374999997 0.2511906734375 0.363578684375 0.244402815625 0.3651715953125 0.2213425515625 0.3930505234375 0.1559787734375 0.474387359375
31 0.2657707296875 0.34330665 0.262130328125 0.3539904171875 0.35369127499999997 0.447648940625 0.366420815625 0.44747010937500004 0.4299340765625 0.386226475 0.43137073125000003 0.37886828437500003 0.344649590625 0.28828662656250004 0.33089725937500003 0.2830886390625 0.31503871562499997 0.29663964531250003 0.2657707296875 0.34330665
49 0.3925758078125 0.67443113125 0.48524917968750003 0.5726434328125001 0.41747341093749996 0.50710425625 0.4095836796875 0.5103599562500001 0.352602578125 0.5686664734375 0.3144508625 0.6141290265625 0.3835842015625 0.67934961875 0.3925758078125 0.67443113125