27 0.2139801796875 0.648441690625 0.21914003750000002 0.6433791125 0.23813143750000001 0.550935828125 0.1675684828125 0.5426679984375 0.15669040781250002 0.5791744609375 0.145367571875 0.6401055296875 0.153860153125 0.6446898 0.2139801796875 0.648441690625
32 0.2395949140625 0.10664032500000001 0.23627180781249998 0.11359127656250001 0.2511082875 0.1765349484375 0.34471540625 0.1566573328125 0.3338932203125 0.0916202984375 0.2395949140625 0.10664032500000001
35 0.6896807 0.1152808109375 0.6873895671875 0.12121924531249999 0.711182625 0.1975181828125 0.7678467140625 0.176982125 0.7441672500000001 0.0987264859375 0.6896807 0.1152808109375
38 0.788915315625 0.5013721906249999 0.8304406125 0.49015376406250005 0.822477534375 0.40939478749999997 0.8080203109375 0.40697220625 0.766608609375 0.41623393281250004 0.76294471875 0.4290549890625 0.7743444984375001 0.5009063125 0.788915315625 0.5013721906249999
39 0.27862294374999996 0.339599625 0.28081009843750004 0.352215690625 0.3224970796875 0.42202955781249996 0.3819066828125 0.387728259375 0.3388373265625 0.3081992140625 0.27862294374999996 0.339599625
39 0.57279806875 0.754010353125 0.5617486921875 0.692886721875 0.4747974015625 0.7154602390625 0.4783861671875 0.77098708125 0.484474021875 0.7834664890624999 0.5616735687500001 0.761234621875 0.57279806875 0.754010353125
28 0.3167999203125 0.6877993328125 0.36863531875 0.64985795 0.3565732046875 0.6229424328125 0.3216652640625 0.5704655640625 0.26902508593749996 0.605506059375 0.2616876875 0.61455036875 0.30899852656250004 0.6880726515625 0.3167999203125 0.6877993328125
18 0.652608478125 0.48564405624999996 0.6454598 0.42438376718750004 0.5609132375 0.439062146875 0.5650795953125 0.50140328125 0.652608478125 0.48564405624999996
19 0.42924637343749994 0.5110439375 0.3442165765625 0.48375572499999997 0.3210684375 0.5304556734375 0.31648617031250004 0.54233254375 0.3190141109375 0.5490785046875 0.403239125 0.573465828125 0.42924637343749994 0.5110439375
20 0.2230196796875 0.4089165640625 0.1542934765625 0.4025371046875 0.1486792390625 0.4154264890625 0.135993265625 0.49983797656249995 0.20471946562499999 0.5062174374999999 0.210106515625 0.49724145468750003 0.2230196796875 0.4089165640625
21 0.660427290625 0.31743604375 0.6266552984375 0.245392159375 0.57458309375 0.27064914687499997 0.5711463921875 0.2795567984375 0.6049183859375 0.351600684375 0.659972909375 0.32526285312500003 0.660427290625 0.31743604375
23 0.45291257968750004 0.17044119375 0.3903782078125 0.157986640625 0.37652743125 0.2121717484375 0.37115 0.237745528125 0.3732235625 0.2523182953125 0.43311639843750005 0.259983590625 0.45291257968750004 0.17044119375
15 0.6446339625 0.1871569890625 0.6169594421875 0.144190309375 0.5432158296875 0.190710125 0.54264785625 0.20049363437499998 0.5721591296875 0.245348684375 0.6460163359375 0.19687216875 0.6446339625 0.1871569890625
14 0.7361404859375 0.3040435 0.747037796875 0.300732634375 0.7552647171875 0.2428391125 0.6762091796874999 0.2299870109375 0.6679630234375 0.2546849328125 0.6625855921875 0.2802587140625 0.6647727484375 0.29287477968750003 0.7361404859375 0.3040435
17 0.383081103125 0.4345524390625 0.37919002343749997 0.451286896875 0.46112390468750003 0.48161265468750003 0.4888543109375 0.42303583749999996 0.40611564843750003 0.3898091921875 0.383081103125 0.4345524390625
5 0.209796403125 0.7540352484375 0.273324275 0.699086090625 0.286739909375 0.6859233859375 0.28708069375 0.6800532828125 0.24965442968749998 0.6374282499999999 0.2419666296875 0.6357448671875 0.168119040625 0.7008191828125 0.164682340625 0.709726834375 0.209796403125 0.7540352484375
6 0.4762452796875 0.64022971875 0.41359731406250005 0.62973186875 0.40546475312499997 0.6524730921875 0.38760930312499997 0.7253493578125 0.44830691875 0.7359155390625001 0.45587150625 0.722957825 0.4762452796875 0.64022971875
10 0.5140489796875001 0.5422455515625 0.43029758124999995 0.5432270203125 0.4238881796875 0.569813315625 0.42253465781250005 0.609891534375 0.513169075 0.6076925625 0.518754459375 0.54500978125 0.5140489796875001 0.5422455515625
10 0.74563800625 0.45895215 0.7181714390625 0.3788764671875 0.6632305109375001 0.4032575984375 0.6626625359375 0.41304110781250003 0.6887467265625 0.483401609375 0.6984984703125 0.4830599609375 0.74563800625 0.45895215
1 0.8754951500000001 0.2337450921875 0.8377281 0.196990165625 0.7950764718750001 0.24437341093749998 0.7823520265624999 0.2623937015625 0.8240197734375 0.29901196875 0.8709128828124999 0.24562196093750002 0.8754951500000001 0.2337450921875
4 0.708933603125 0.6721083953125 0.7169910421875 0.717715071875 0.724802053125 0.734039553125 0.8036015484375 0.7010116609375 0.788424284375 0.64393809375 0.708933603125 0.6721083953125
47 0.1512438328125 0.28743335625 0.1440200296875 0.29452096562499996 0.18284790312500002 0.3800567734375 0.2478813609375 0.349463890625 0.2110038359375 0.26385975156249997 0.1512438328125 0.28743335625
49 0.699996259375 0.6919487296875 0.7037737453124999 0.6771709734375 0.6982250125 0.6051146609375 0.6818174406249999 0.602760409375 0.636505040625 0.61215879375 0.642063390625 0.7008129078125 0.6506695687499999 0.7034404765625 0.699996259375 0.6919487296875
43 0.5939940406249999 0.50624844375 0.584128703125 0.5085467921875 0.5492688515624999 0.53905891875 0.5419314546875 0.548103228125 0.59554771875 0.613593715625 0.6437096078125 0.5718755859375 0.5939940406249999 0.50624844375
43 0.5377248046875 0.21824060781250001 0.5466236765625 0.1320090765625 0.4935002640625 0.12508297968749998 0.48569886875 0.1253562984375 0.4823757640625 0.1323072484375 0.4735904859375 0.216582078125 0.5325649453125 0.22330318437500002 0.5377248046875 0.21824060781250001
44 0.57964859375 0.3007388703125 0.498746684375 0.26940059375000003 0.4752577578125 0.3219706484375 0.47296662500000003 0.32790908281250003 0.477558509375 0.3326300125 0.553754940625 0.361204059375 0.57964859375 0.3007388703125
42 0.340413878125 0.8510006671875001 0.4017834484375 0.8332288390624999 0.40522014687499996 0.8243211875 0.392778778125 0.7368845796875 0.3286540796875 0.75182385 0.324763 0.768558309375 0.3357083984375 0.8482364375 0.340413878125 0.8510006671875001