5 0.4638671875 0.125 0.466796875 0.2197265625 0.5341796875 0.216796875 0.53125 0.1279296875 0.4638671875 0.125
6 0.59765625 0.1259765625 0.533203125 0.1259765625 0.537109375 0.2197265625 0.6044921875 0.216796875 0.60546875 0.1884765625 0.59765625 0.1259765625
7 0.66796875 0.1279296875 0.6025390625 0.125 0.607421875 0.2177734375 0.6728515625 0.21484375 0.67578125 0.1923828125 0.66796875 0.1279296875
8 0.748046875 0.2001953125 0.740234375 0.1259765625 0.6728515625 0.125 0.669921875 0.1318359375 0.677734375 0.2158203125 0.7451171875 0.212890625 0.748046875 0.2001953125
8 0.4287109375 0.4921875 0.41796875 0.3955078125 0.3525390625 0.400390625 0.349609375 0.4208984375 0.359375 0.4990234375 0.3642578125 0.501953125 0.4287109375 0.4921875
9 0.4970703125 0.48046875 0.5 0.4716796875 0.48828125 0.3837890625 0.4228515625 0.388671875 0.419921875 0.4033203125 0.4296875 0.4853515625 0.4384765625 0.48828125 0.4970703125 0.48046875
10 0.572265625 0.4638671875 0.55859375 0.3740234375 0.4912109375 0.380859375 0.5 0.4755859375 0.5146484375 0.478515625 0.5693359375 0.470703125 0.572265625 0.4638671875
27 0.7021484375 0.322265625 0.7314453125 0.416015625 0.798828125 0.3974609375 0.7685546875 0.3046875 0.7021484375 0.322265625
32 0.8349609375 0.287109375 0.7744140625 0.3046875 0.771484375 0.3076171875 0.8037109375 0.400390625 0.869140625 0.3798828125 0.8349609375 0.287109375
33 0.9033203125 0.265625 0.8427734375 0.283203125 0.83984375 0.2919921875 0.8720703125 0.376953125 0.9375 0.3564453125 0.9033203125 0.265625
39 0.28125 0.7119140625 0.2119140625 0.71875 0.220703125 0.8232421875 0.2900390625 0.81640625 0.29296875 0.8095703125 0.28125 0.7119140625
28 0.3662109375 0.8046875 0.35546875 0.7001953125 0.3525390625 0.697265625 0.2861328125 0.70703125 0.283203125 0.7236328125 0.29296875 0.8115234375 0.3056640625 0.814453125 0.3662109375 0.8046875
29 0.443359375 0.7939453125 0.4296875 0.6943359375 0.4208984375 0.69140625 0.3583984375 0.701171875 0.3671875 0.8037109375 0.3779296875 0.80859375 0.4384765625 0.80078125 0.443359375 0.7939453125
26 0.130859375 0.3330078125 0.1083984375 0.2421875 0.0458984375 0.2578125 0.04296875 0.2666015625 0.0634765625 0.349609375 0.0732421875 0.3515625 0.130859375 0.3330078125
49 0.1748046875 0.224609375 0.1142578125 0.240234375 0.111328125 0.2490234375 0.1318359375 0.33203125 0.197265625 0.3154296875 0.1748046875 0.224609375
50 0.267578125 0.2978515625 0.2431640625 0.20703125 0.1806640625 0.22265625 0.1796875 0.2353515625 0.2001953125 0.314453125 0.2080078125 0.31640625 0.267578125 0.2978515625
43 0.0390625 0.6337890625 0.0283203125 0.62890625 0.0009765625 0.642578125 0 0.7431640625 0.0107421875 0.75390625 0.076171875 0.7177734375 0.0390625 0.6337890625
47 0.830078125 0.5712890625 0.8037109375 0.56640625 0.755859375 0.5673828125 0.75390625 0.6669921875 0.7587890625 0.671875 0.8291015625 0.673828125 0.830078125 0.5712890625
48 0.904296875 0.5771484375 0.8955078125 0.572265625 0.83203125 0.5732421875 0.830078125 0.6728515625 0.8466796875 0.677734375 0.9033203125 0.6796875 0.904296875 0.5771484375