31 0.2788197953125 0.732709946875 0.192581678125 0.647083734375 0.13322905625 0.7078507234375 0.21808610625 0.7934769359375 0.2788197953125 0.732709946875
34 0.5196410859375 0.8141929546875 0.4319254671875 0.7244235390625 0.3725728453125 0.785190528125 0.45884310624999997 0.8721978078125 0.5196410859375 0.8141929546875
35 0.5803426296875001 0.752044896875 0.49538914843750004 0.66227548125 0.434687603125 0.7244235390625 0.5195446515625 0.8100497499999999 0.5803426296875001 0.752044896875
36 0.6409798859375 0.6871347046875 0.5532642671875 0.5973652890625 0.4939116453125 0.658132278125 0.58018190625 0.7451395578125 0.6409798859375 0.6871347046875
12 0.4641962609375 0.330819178125 0.3765449328125 0.2438118984375 0.319954446875 0.3045788875 0.40616041875000003 0.38882403125 0.4641962609375 0.330819178125
1 0.3792106359375 0.2396686953125 0.4640998265625 0.326675975 0.5235488828125 0.2700521890625 0.5233881593749999 0.26314685 0.43865969062500004 0.183044909375 0.3792106359375 0.2396686953125
2 0.5841861390624999 0.20514199687499998 0.4966633890625 0.12365898906249999 0.438627546875 0.1816638421875 0.526214584375 0.2659089859375 0.5841861390624999 0.20514199687499998
3 0.642125546875 0.1429939390625 0.5546027984374999 0.06151093125 0.49656695468749995 0.11951578437499999 0.58274078125 0.2023798609375 0.642125546875 0.1429939390625
4 0.193930603125 0.6457026671875 0.27878765 0.731328878125 0.338172415625 0.6719429578125 0.2546964359375 0.5863167453125 0.24509324999999998 0.5890788812500001 0.193930603125 0.6457026671875
44 0.40022288437500003 0.6084138328125 0.31533369218749996 0.5214065531250001 0.253186790625 0.5807924734375 0.3380759828125 0.667799753125 0.40022288437500003 0.6084138328125
49 0.556246796875 0.3694890796875 0.6410717015625 0.453734225 0.6493259625000001 0.45235315624999994 0.7032186031250001 0.394348303125 0.6183937 0.310103159375 0.556246796875 0.3694890796875
22 0.7625712234375001 0.3335813140625 0.6777463218750001 0.24933617031250002 0.6169483421875 0.30734102343749997 0.70453538125 0.3915861671875 0.7625712234375001 0.3335813140625
26 0.6763009640625001 0.24657403437499997 0.763888003125 0.330819178125 0.8219238453125 0.272814325 0.73709894375 0.18856918125 0.701866215625 0.21757160781249998 0.6763009640625001 0.24657403437499997
25 0.69821095625 0.5352172328125 0.7081998796875 0.5490279109375 0.7886244203125 0.6222245125 0.8480091875 0.562838590625 0.760357859375 0.4758313109375 0.69821095625 0.5352172328125
14 0.7589125015625 0.473069175 0.847912753125 0.5586953875 0.8655451890625001 0.5448847078125 0.9058843078125 0.4979283984375 0.8182972671875 0.41368325468749995 0.7589125015625 0.473069175
15 0.8182008328125001 0.40954005000000004 0.90443895 0.4951662625 0.9126932125 0.49378519374999996 0.963823715625 0.43578034062500004 0.876236675 0.351535196875 0.8182008328125001 0.40954005000000004
16 1 0.350652746875 0.9327628718750001 0.288006071875 0.8733781078125 0.34739199374999996 0.96372728125 0.4316371375 0.9813597171874999 0.4178264578125 1 0.39612844062499997 1 0.350652746875