52 0.42184754687500003 0.1390368578125 0.47540482968750003 0.047726806249999996 0.415055665625 0.010404671875 0.40668890625 0.01711714375 0.3785211625 0.063430559375 0.36011731406249997 0.10168257968750001 0.42184754687500003 0.1390368578125
41 0.483659096875 0.0506818109375 0.4767537578125 0.05052108749999999 0.42599075 0.13913329218749998 0.49048311875 0.176551859375 0.5426432640625001 0.08659073125 0.483659096875 0.0506818109375
42 0.5577215515625 0.21541578437500003 0.6099138375 0.12269251875000001 0.548167534375 0.0867193109375 0.5398007781249999 0.09343178125 0.4933095359375 0.17109187812499999 0.49322918437499996 0.1779972171875 0.5577215515625 0.21541578437500003
51 0.331462625 0.7834479671875 0.3686399375 0.6751793640625 0.2998436625 0.6514750406250001 0.29287404375000003 0.6568385890624999 0.285759790625 0.6746317484375 0.25855528906249997 0.756885075 0.331462625 0.7834479671875
46 0 0.4464893859375 0.04643521875 0.46598943750000005 0.09453251093750001 0.3690265359375 0.028594793750000003 0.33710009375 0.0202280359375 0.3438125640625 0 0.3861029609375 0 0.4464893859375
6 0.120627203125 0.5008708828125 0.1632002234375 0.4037794 0.10138963906250001 0.3733304625 0.0930871640625 0.3745186609375 0.049181284375 0.46743479531250004 0.061498404687499994 0.477391571875 0.120627203125 0.5008708828125
11 0.3768942046875 0.6781343671875 0.3685595859375 0.6820847031249999 0.33284369375 0.7834801125 0.4071160296875 0.8114562171875 0.44289620156250004 0.7045365359375 0.3768942046875 0.6781343671875
3 0.527175421875 0.4661272546875 0.5490806328125 0.364410396875 0.480220078125 0.3462303484375 0.47188546093749995 0.3501806828125 0.4513773859375 0.450548615625 0.5023322671875 0.46416758125 0.527175421875 0.4661272546875
33 0.1934541890625 0.534339115625 0.2374243484375 0.43589870937499997 0.1700894921875 0.40532119218749996 0.1631520140625 0.407922603125 0.1574991796875 0.41884256875 0.1206111328125 0.50225195 0.1934541890625 0.534339115625
30 0.375595421875 0.43358890937499994 0.38105541249999997 0.43924175937500004 0.44999631874999996 0.450516471875 0.47053653281249996 0.3473864015625 0.40580311093750004 0.330683853125 0.39889777187500003 0.33052312968750003 0.3932770796875 0.338680959375 0.375595421875 0.43358890937499994
29 0.8606215234375 0.6590015218749999 0.8508576265625001 0.6670629171875 0.802888896875 0.7529772765625 0.8701434000000001 0.790460134375 0.9223356859375 0.6977368687500001 0.8606215234375 0.6590015218749999
28 0.7934473703125 0.6146133265625 0.7864777515625 0.619976875 0.7371118812499999 0.7072401562499999 0.80433424375 0.7474851484375 0.8565265312499999 0.6547618843749999 0.7934473703125 0.6146133265625
39 0.6766984359375 0.6754422953125 0.7357308140625001 0.7072080109375001 0.7850484718749999 0.6240879328125 0.7879552390625 0.6117226109375 0.7248439390625 0.5743361874999999 0.7151121828125 0.579635446875 0.667143453125 0.66554980625 0.6766984359375 0.6754422953125
24 0.5185496046875 0.7325447859375 0.50759748125 0.7240012218749999 0.448420471875 0.7046651140625 0.429984484375 0.745679271875 0.40986209531249995 0.812901575 0.4814044328125 0.8380512546875 0.5185496046875 0.7325447859375
43 0.602957384375 0.48308696093750003 0.623529740625 0.37719475625 0.5560020421874999 0.36319005312499997 0.5490645625 0.365791465625 0.5461738656249999 0.3767757203125 0.5299214875 0.46757261093749997 0.602957384375 0.48308696093750003