19 0.6083984375 0.619140625 0.728515625 0.5458984375 0.724609375 0.5322265625 0.69140625 0.4775390625 0.6669921875 0.4453125 0.5322265625 0.5234375 0.525390625 0.5302734375 0.52734375 0.5361328125 0.5849609375 0.62890625 0.6083984375 0.619140625
24 0.1572265625 0.619140625 0.240234375 0.4755859375 0.1591796875 0.42578125 0.1376953125 0.41796875 0.05859375 0.5439453125 0.05078125 0.5595703125 0.0556640625 0.56640625 0.1357421875 0.61328125 0.1572265625 0.619140625
25 0.4765625 0.2353515625 0.3662109375 0.212890625 0.361328125 0.2177734375 0.3359375 0.3388671875 0.33203125 0.3701171875 0.3369140625 0.375 0.4443359375 0.39453125 0.4765625 0.2353515625
14 0.537109375 0.4345703125 0.5205078125 0.42578125 0.3798828125 0.3828125 0.3515625 0.4541015625 0.3427734375 0.4921875 0.4970703125 0.544921875 0.5078125 0.5283203125 0.537109375 0.4345703125
17 0.8408203125 0.548828125 0.84765625 0.5419921875 0.892578125 0.4521484375 0.8876953125 0.443359375 0.7509765625 0.37109375 0.73828125 0.3759765625 0.701171875 0.4462890625 0.689453125 0.4697265625 0.6923828125 0.4765625 0.8291015625 0.548828125 0.8408203125 0.548828125
42 0.705078125 0.4384765625 0.701171875 0.3779296875 0.6904296875 0.326171875 0.5283203125 0.34375 0.53125 0.3974609375 0.5419921875 0.458984375 0.6845703125 0.4453125 0.705078125 0.4384765625
37 0.298828125 0.4482421875 0.31640625 0.3447265625 0.3203125 0.2919921875 0.2080078125 0.275390625 0.203125 0.2841796875 0.1796875 0.4150390625 0.177734375 0.4326171875 0.1865234375 0.439453125 0.2939453125 0.455078125 0.298828125 0.4482421875
31 0.56640625 0.6025390625 0.4775390625 0.5390625 0.4677734375 0.537109375 0.375 0.6669921875 0.373046875 0.6748046875 0.3779296875 0.6796875 0.4697265625 0.7421875 0.56640625 0.6025390625
31 0.7109375 0.3212890625 0.69921875 0.2177734375 0.6943359375 0.2109375 0.53515625 0.2275390625 0.53515625 0.2666015625 0.5478515625 0.33984375 0.7001953125 0.328125 0.7109375 0.3212890625
4 0.361328125 0.5048828125 0.2783203125 0.45703125 0.2587890625 0.451171875 0.181640625 0.5791015625 0.1767578125 0.59765625 0.2783203125 0.65234375 0.357421875 0.5205078125 0.361328125 0.5048828125
12 0.736328125 0.7431640625 0.6298828125 0.609375 0.6220703125 0.611328125 0.5458984375 0.671875 0.537109375 0.6806640625 0.5390625 0.6884765625 0.6435546875 0.818359375 0.736328125 0.7431640625