27 0.6201295296875 0.5395471421875 0.6234860515625 0.5420421046875 0.6880459 0.5319628515625 0.675597725 0.440731940625 0.670003521875 0.4365736703125 0.6065625125 0.447484575 0.6201295296875 0.5395471421875
32 0.3186364625 0.2812845484375 0.31527993906249996 0.2787895859375 0.2515329765625 0.28776519375 0.249400275 0.2930114171875 0.2657119046875 0.383698353125 0.26906842656249996 0.3861933140625 0.3259013703125 0.377202015625 0.3352540453125 0.3739067796875 0.3186364625 0.2812845484375
33 0.4028644609375 0.36438719375 0.38817860312499997 0.271492975 0.38482208125 0.2689980125 0.32107511718750004 0.2779736203125 0.3352540453125 0.3739067796875 0.4028644609375 0.36438719375
34 0.4047961875 0.36411520625 0.4158796140625 0.365522215625 0.46884910625 0.35707489375 0.47240660312499994 0.35459562187500004 0.45548306250000004 0.26003809218749996 0.390617259375 0.26818204687499997 0.4047961875 0.36411520625
35 0.5400170171875 0.345076034375 0.52502520625 0.25024651875 0.5216686828125 0.24775155781249997 0.458227675 0.25866246249999997 0.47240660312499994 0.35459562187500004 0.5400170171875 0.345076034375
40 0.5384451671875 0.4600430984375 0.5528250703124999 0.5510020234375 0.611082809375 0.544777675 0.620435484375 0.5414824390625 0.6057496265625 0.44858821875 0.540883825 0.45673217343749994 0.5384451671875 0.4600430984375
45 0.60913025 0.2888530421875 0.605371778125 0.2963065484375 0.6152763171875 0.38393885625 0.634392603125 0.386193209375 0.6854303703125 0.378017875 0.6746079640625 0.28457967812499996 0.669319715625 0.2823567046875 0.60913025 0.2888530421875
46 0.6773525765625 0.28320404843749997 0.67491391875 0.2865149765625 0.6851244140625 0.3760825796875 0.7042407015625 0.3783369328125 0.753346740625 0.3704335859375 0.742830290625 0.2789306859375 0.721782278125 0.276948321875 0.6773525765625 0.28320404843749997
47 0.744962990625 0.2736844640625 0.742524334375 0.2769953890625 0.7460998046875 0.31210271093749997 0.7552784671875 0.3701615984375 0.819331384375 0.36312128593750004 0.8085089796875 0.2696830890625 0.8051524578125001 0.2671881265625 0.744962990625 0.2736844640625
48 0.8091208906249999 0.27355368125 0.8212631109374999 0.362849296875 0.8872477562500001 0.355536996875 0.8767313046874999 0.264034096875 0.8733747828125 0.261539134375 0.8112535921875 0.268307459375 0.8091208906249999 0.27355368125
13 0.5528250703124999 0.5510020234375 0.5381392109375 0.458107803125 0.47327340937500006 0.46625175781249995 0.48490869999999997 0.5585863125 0.488265221875 0.5610812734375 0.5528250703124999 0.5510020234375
15 0.9473351015624999 0.5607411578125 0.934886925 0.4695102453125 0.9315304031249999 0.46701528281250004 0.8697151671875 0.4757189046875 0.8835881375 0.5697167671875001 0.9473351015624999 0.5607411578125
16 1 0.46155009218750004 0.9975150484374999 0.4597029828125 0.9356998109375001 0.46840660312500004 0.9495727828125 0.562404465625 1 0.5569102406249999 1 0.46155009218750004
26 0.8017987953124999 0.48330319375 0.7993601390625 0.4866141203125 0.8137400421875001 0.57757304375 0.8170965640625001 0.58006800625 0.8816564124999999 0.5699887546875 0.8692082359375 0.47875784374999997 0.8658517140624999 0.47626288125 0.8017987953124999 0.48330319375
5 0.1881397625 0.6112526109374999 0.19057841874999998 0.607941684375 0.176198515625 0.516982759375 0.17060431250000002 0.512824490625 0.10716330468749999 0.5237353953125 0.10472465 0.527046321875 0.11981245625 0.609992071875 0.123273959375 0.619396565625 0.12937509375 0.620515896875 0.1881397625 0.6112526109374999
6 0.24400990625 0.5024889406249999 0.1783312171875 0.5117365375 0.17589256250000002 0.5150474640625 0.1925101453125 0.6076696953125 0.20247473125 0.6082450515625 0.2573759484375 0.5995257406250001 0.2598146046875 0.596214815625 0.24400990625 0.5024889406249999
7 0.3309825171875 0.5842159578125 0.31517781875 0.4904900828125 0.247567403125 0.5000096671875001 0.245128746875 0.5033205953125 0.25950865 0.59427951875 0.26510285312500004 0.5984377890625 0.27750609531250003 0.5957022171874999 0.3285438625 0.5875268828125 0.3309825171875 0.5842159578125
1 0.35939143281249997 0.670232025 0.37357036093749996 0.7661651843749999 0.44118077656250004 0.7566455984375 0.4278147328125 0.6596087984375 0.35939143281249997 0.670232025
2 0.5120427328125 0.74271144375 0.49735687500000003 0.6498172249999999 0.4920686265625 0.6475942515625001 0.42862761875000005 0.6585051546875 0.442806546875 0.7544383140625001 0.44616306874999995 0.756933275 0.47981529843750004 0.7512058359375 0.5096040765625001 0.746022371875 0.5120427328125 0.74271144375
3 0.5649672890625 0.6402976390624999 0.5616107687499999 0.6378026765625 0.49979553125000004 0.6465062968749999 0.49735687500000003 0.6498172249999999 0.51011100625 0.7429834328125 0.5137734843749999 0.747413690625 0.5435622609374999 0.7422302265625 0.579959103125 0.7351271546875 0.5649672890625 0.6402976390624999