18 0.6072936234374999 0.585399090625 0.6141123703125 0.5837909203125 0.6347042828125 0.5428894859375 0.6336131843749999 0.538117290625 0.5742438546875 0.5124419078125 0.5674706031250001 0.5159952734375 0.556197290625 0.5365367890625 0.5488789 0.5586603140624999 0.6072936234374999 0.585399090625
19 0.21798972968750002 0.733657040625 0.21926281250000001 0.7462100203124999 0.2804503671875 0.765868221875 0.2979054765625 0.7164857921875 0.2337631046875 0.6961273796875 0.21798972968750002 0.733657040625
20 0.230535309375 0.6837559921875 0.2317628953125 0.694363775 0.29295045000000003 0.714021978125 0.31040555937500003 0.6646395484375 0.24630868281249998 0.6462263328125 0.230535309375 0.6837559921875
21 0.2706280375 0.597180928125 0.2638547875 0.6007342953125 0.2582636265625 0.6129502484375 0.249172509375 0.64303615 0.31331488125 0.6633945625 0.3308154859375 0.6159573296875 0.2706280375 0.597180928125
22 0.269354953125 0.58462795 0.2706280375 0.597180928125 0.3317246 0.612948740625 0.3492707015625 0.567456703125 0.2851283296875 0.5470982890625 0.269354953125 0.58462795
23 0.283855246875 0.534545309375 0.2851283296875 0.5470982890625 0.346224890625 0.5628660984375 0.361770784375 0.5156104578125 0.2977194046875 0.49914243750000004 0.283855246875 0.534545309375
25 0.48991576875 0.3828416390625 0.47705171562500004 0.4191263140625 0.5392848703124999 0.441611515625 0.558785684375 0.3959378859375 0.49655252968749997 0.3734526859375 0.48991576875 0.3828416390625
14 0.5557853703125 0.39329247968750003 0.5606494046875 0.39186590312499997 0.5773773890625 0.353272846875 0.57428608125 0.3467370484375 0.5190081640625 0.3284792671875 0.5122349125000001 0.3320326328125 0.5029163125 0.352392553125 0.49850724375000005 0.3732710921875 0.5557853703125 0.39329247968750003
15 0.5177350796875 0.3159262859375 0.5170079546874999 0.3267156625 0.5781955078125 0.346373865625 0.5976963234375 0.3007002359375 0.533599446875 0.28228701875 0.5177350796875 0.3159262859375
16 0.5400997203125 0.2670624765625 0.539418090625 0.2797970484375 0.5986509328125 0.29963684218750003 0.620106459375 0.25378162031249996 0.5560095859375 0.23536840468750003 0.5400997203125 0.2670624765625
17 0.56987374375 0.19996553125 0.5568732 0.23041461718749998 0.62106106875 0.2527182265625 0.6406073812499999 0.20898979374999999 0.580374434375 0.1882681984375 0.56987374375 0.19996553125
40 0.966006190625 0.55304958125 0.9578233671874999 0.538214378125 0.9167280812499999 0.49817009843750004 0.9127731593749999 0.4965880859375 0.885907640625 0.5205275296874999 0.8754524453125001 0.5341700609375 0.92663976875 0.58692275625 0.966006190625 0.55304958125
45 0.55183371875 0.5593605234375 0.545969578125 0.5599052999999999 0.5317869453124999 0.5816917984375001 0.5225138406250001 0.603996915625 0.5888384078125 0.6338997187500001 0.6102484390625 0.5860993 0.55183371875 0.5593605234375
48 0.018423759375 0.57674856875 0.0036504874999999997 0.6151600312500001 0.0638834328125 0.6358816296875001 0.0834297453125 0.5921531953125 0.0270607296875 0.5691232187499999 0.018423759375 0.57674856875
49 0.051471075 0.523968209375 0.043606726562499996 0.5227493796875 0.0388336859375 0.52806635 0.024060415625 0.5664778125 0.08238414375 0.589326196875 0.101884959375 0.54365256875 0.051471075 0.523968209375
50 0.0495163625 0.5241498015625 0.1028850640625 0.544534371875 0.1244315859375 0.5025695421874999 0.12134027812499999 0.49603374375 0.0699717859375 0.477412778125 0.0631530390625 0.4790209484375 0.0519707171875 0.503452853125 0.0464250546875 0.5176140015625 0.0495163625 0.5241498015625
51 0.291396215625 0.27067268125 0.23116326874999998 0.249951084375 0.21520790937499998 0.2796999609375 0.21157146249999997 0.2917343203125 0.2165719859375 0.2961433328125 0.269895190625 0.31458270625 0.291396215625 0.27067268125
52 0.2883959015625 0.268027275 0.295169153125 0.26447390937500004 0.311988128125 0.229771246875 0.308896821875 0.22323544687500002 0.257528328125 0.2046144828125 0.2488913578125 0.2122398328125 0.23766354218750002 0.2347265421875 0.23507269687500001 0.2495879 0.2883959015625 0.268027275
41 0.2563462390625 0.19595189531249999 0.25557361562500003 0.20479607500000002 0.31285174531250004 0.2248174609375 0.334398265625 0.18285263125 0.27416531875 0.162131034375 0.2563462390625 0.19595189531249999
27 0.8814092109375 0.62134070625 0.8302218874999999 0.5685880109375 0.7936737968750001 0.59732580625 0.7889462515625 0.6045879734375 0.8381788625000001 0.6575222593750001 0.8459522171874999 0.654850696875 0.8814092109375 0.62134070625
32 0.59188095 0.47084026406249996 0.573198253125 0.509614909375 0.6394773234375 0.5375725171875 0.6609783484375 0.49366249218749997 0.596653990625 0.46552329375 0.59188095 0.47084026406249996
0 0.874452340625 0.5332882578125 0.8666334890625 0.5340146265625 0.837858753125 0.5600808578125 0.8331767062500001 0.5692882203125 0.8823638203125 0.6202773109375 0.9236394562499999 0.58427735 0.874452340625 0.5332882578125
2 0.7361202359375 0.4398957 0.723483665625 0.48590635625 0.7953993921875 0.5035932062499999 0.8108542921874999 0.452447171875 0.7448482015625 0.4361607421875 0.7361202359375 0.4398957
3 0.7525752421874999 0.38963146875 0.7398931734375 0.433696928125 0.8118088999999999 0.451383778125 0.8273092984374999 0.4021829390625 0.76130320625 0.3858965109375 0.7525752421874999 0.38963146875
4 0.8418095890625 0.3521003 0.7778037078125 0.337577475 0.769030246875 0.3393672375 0.7563481796875 0.38343269687500003 0.8263091921875001 0.40130113749999996 0.8310822343750001 0.3959841671875 0.8418095890625 0.3521003