32 0.1167391609375 0.537971325 0.1354075828125 0.44043431093749996 0.0653918875 0.42954573281249997 0.046723465625 0.527082746875 0.1167391609375 0.537971325
33 0.188242325 0.5460946390625 0.206560115625 0.4504917421875 0.138467459375 0.4398749859375 0.12014967031249998 0.5354778828125 0.188242325 0.5460946390625
27 0.4850485015625 0.6713628046875 0.4683031203125 0.769171640625 0.536395775 0.779788396875 0.5408581796874999 0.771492603125 0.5534917859374999 0.68004544375 0.4850485015625 0.6713628046875
38 0.580788715625 0.45875628125 0.5759756781250001 0.46898619375 0.5640433359375 0.5565651171875 0.6324866203124999 0.56524775625 0.64888136875 0.46937303750000003 0.580788715625 0.45875628125
37 0.778393809375 0.5491737140625 0.759991078125 0.63980540625 0.7639221015625 0.64532025625 0.829305509375 0.6545622203125 0.849546340625 0.5592311453125001 0.778393809375 0.5491737140625
50 0.8985350000000001 0.664347828125 0.916852790625 0.5687449328125 0.849546340625 0.5592311453125001 0.830792978125 0.6517969546875 0.8985350000000001 0.664347828125
9 0.44203343124999994 0.3320245046875 0.46105248593750003 0.2325533734375 0.3948828734375 0.222208440625 0.3758638203125 0.3216795703125 0.44203343124999994 0.3320245046875
10 0.513185965625 0.34208193593749997 0.5318543859375 0.244544921875 0.4660354046875 0.232265871875 0.4450933109375 0.3314651796875 0.513185965625 0.34208193593749997
11 0.58241545625 0.35186754374999996 0.601434509375 0.2523964140625 0.5352648953125 0.24205147968750002 0.5162458421875 0.34152261093749997 0.58241545625 0.35186754374999996
12 0.6516449453125001 0.361653153125 0.6722364078124999 0.26438796249999996 0.6041437546874999 0.25377120625 0.5835522906249999 0.351036396875 0.6516449453125001 0.361653153125
24 0.48948029374999996 0.5490011296875 0.508148715625 0.451464115625 0.441979103125 0.44111918125000005 0.42331068125 0.5386561953125 0.48948029374999996 0.5490011296875
51 0.5609834578124999 0.5571244421875 0.5773782062499999 0.46124972499999994 0.5112085937499999 0.450904790625 0.4944632125 0.5487136265625 0.5609834578124999 0.5571244421875
26 0.26131789843750003 0.5564238921875 0.27998631875 0.45888687812500006 0.20997062500000002 0.44799829999999996 0.1909515703125 0.5474694312499999 0.26131789843750003 0.5564238921875
40 0.4143315421875 0.6643424609374999 0.398372365625 0.7632542671875 0.46681565156250004 0.77193690625 0.48391166406249997 0.6721939531250001 0.4507843875 0.6645358828125 0.4143315421875 0.6643424609374999
13 0.605975896875 0.7876398890625 0.6246443187499999 0.690102875 0.5588253375 0.6778238234375 0.539806284375 0.7772949546875 0.605975896875 0.7876398890625