13 0.0849609375 0.373046875 0.08984375 0.4951171875 0.1767578125 0.49609375 0.173828125 0.3740234375 0.0849609375 0.373046875
23 0.302734375 0.3740234375 0.2958984375 0.369140625 0.2138671875 0.37109375 0.2109375 0.4189453125 0.21484375 0.4951171875 0.3017578125 0.49609375 0.302734375 0.3740234375
25 0.412109375 0.3740234375 0.4072265625 0.369140625 0.3232421875 0.37109375 0.3203125 0.3876953125 0.32421875 0.4951171875 0.4111328125 0.49609375 0.412109375 0.3740234375
15 0.4853515625 0.369140625 0.482421875 0.4951171875 0.5712890625 0.49609375 0.572265625 0.3701171875 0.4853515625 0.369140625
1 0.796875 0.4736328125 0.796875 0.3701171875 0.7080078125 0.3671875 0.701171875 0.3740234375 0.69921875 0.4931640625 0.7041015625 0.498046875 0.7919921875 0.49609375 0.796875 0.4736328125
2 0.8984375 0.4033203125 0.8955078125 0.3671875 0.8037109375 0.369140625 0.798828125 0.4228515625 0.796875 0.4892578125 0.8017578125 0.498046875 0.892578125 0.4951171875 0.8984375 0.4033203125
36 0.212890625 0.5009765625 0.1220703125 0.5 0.125 0.6240234375 0.2119140625 0.626953125 0.216796875 0.6201171875 0.212890625 0.5009765625
38 0.380859375 0.5009765625 0.2919921875 0.5 0.2890625 0.5283203125 0.29296875 0.6259765625 0.3798828125 0.626953125 0.380859375 0.5009765625
48 0.4658203125 0.498046875 0.400390625 0.5009765625 0.400390625 0.6240234375 0.4873046875 0.626953125 0.490234375 0.5029296875 0.4658203125 0.498046875
48 0.5751953125 0.498046875 0.4931640625 0.498046875 0.490234375 0.6240234375 0.5791015625 0.626953125 0.58203125 0.5029296875 0.5751953125 0.498046875
49 0.689453125 0.5009765625 0.595703125 0.5009765625 0.595703125 0.6259765625 0.6845703125 0.62890625 0.689453125 0.6220703125 0.689453125 0.5009765625
50 0.693359375 0.5009765625 0.693359375 0.6259765625 0.7841796875 0.62890625 0.7890625 0.5009765625 0.693359375 0.5009765625
43 0.791015625 0.5009765625 0.7890625 0.6279296875 0.8798828125 0.62890625 0.88671875 0.5009765625 0.791015625 0.5009765625