27 0.7334290625000001 0.3379348484375 0.7285684453125 0.3492629703125 0.757473471875 0.36864625 0.7815574796875 0.32671154375 0.7546046843750001 0.3075101796875 0.7334290625000001 0.3379348484375
27 0.713987559375 0.671883103125 0.698768271875 0.7136620984375 0.7279920171875001 0.7291480609375001 0.7504425109375 0.683134121875 0.7213781265625 0.6656995 0.713987559375 0.671883103125
35 0.2556511265625 0.50350934375 0.2467266890625 0.51642229375 0.27710586875 0.5418334625 0.31485549218750003 0.5011721625 0.2864285421875 0.47594290624999996 0.2556511265625 0.50350934375
35 0.3427452875 0.7374284765625 0.3451953953125 0.6954413640625 0.289158415625 0.6951284296875 0.2850747953125 0.7330363125 0.3427452875 0.7374284765625
36 0.6733678609375 0.2665606375 0.6658179343749999 0.274692896875 0.6889061890625 0.3170962484375 0.71872745 0.3012217625 0.69579855625 0.25686975156249997 0.6733678609375 0.2665606375
36 0.210909496875 0.5935885625 0.209893621875 0.6180377499999999 0.2487788828125 0.623624709375 0.2621056578125 0.5689065609374999 0.22053109218750003 0.5601237421875 0.210909496875 0.5935885625
37 0.4641808765625 0.407093834375 0.4347578515625 0.36999071250000004 0.40989684843749996 0.38534565781249996 0.4042991546875 0.3936598328125 0.4355150484375 0.432893528125 0.46549567031250005 0.41507038281249997 0.4641808765625 0.407093834375
38 0.41127232812500003 0.669200740625 0.40559479375 0.63038328125 0.351928403125 0.6371635265625 0.3545979125 0.6766824406249999 0.41127232812500003 0.669200740625
39 0.470356609375 0.4999541859375 0.4633844015625 0.5130490484375 0.491970709375 0.536329646875 0.5220707671875 0.4929920265625 0.49332510156250003 0.4716600875 0.470356609375 0.4999541859375
37 0.62235246875 0.7340305421875 0.6173324906250001 0.7473073203125 0.64623751875 0.7666906015625 0.6745447062500001 0.7212224093749999 0.645639678125 0.7018391281249999 0.62235246875 0.7340305421875
28 0.287423975 0.295392925 0.28541202499999996 0.307968246875 0.29451594375 0.3529955109375 0.3333015625 0.34777389062499997 0.32499443906250003 0.2930033359375 0.287423975 0.295392925
29 0.4890016359375 0.27196115 0.48202943125 0.2850560140625 0.5216916859375 0.317222734375 0.54450081875 0.2908772953125 0.506950153125 0.2569438296875 0.4890016359375 0.27196115
30 0.34083168750000004 0.3759646859375 0.3309510953125 0.400569584375 0.3679837640625 0.41678320781249995 0.390593615625 0.36882061093749996 0.3556725390625 0.35084024375 0.34083168750000004 0.3759646859375
30 0.7115764078125 0.4488002625 0.6978510703125 0.46028409375 0.7269553765625 0.5012845312499999 0.753350253125 0.4792002390625 0.72799105 0.4405122890625 0.7115764078125 0.4488002625
31 0.549799915625 0.34634930625 0.541393475 0.376982096875 0.5748404015624999 0.3889345734375 0.5914342015625 0.3423748890625 0.5581466374999999 0.3284737546875 0.549799915625 0.34634930625
31 0.6335066453125 0.30898868125 0.6275704359375001 0.357523228125 0.6614954375 0.363629728125 0.670280315625 0.316342384375 0.6579892125 0.310288290625 0.6335066453125 0.30898868125
0 0.8197855015625001 0.376416190625 0.8180922703125001 0.385094196875 0.8268375499999999 0.41045296093749994 0.8698463500000001 0.4016978546875 0.861897865625 0.36659579999999997 0.8197855015625001 0.376416190625
0 0.46396276406250003 0.7104355 0.41563506875 0.7000416484375 0.40712898906249995 0.719865859375 0.4064318328125 0.7404177296875 0.4567117578125 0.7509934968749999 0.4684449421875 0.715761934375 0.46396276406250003 0.7104355
5 0.441889740625 0.4511591140625 0.3916098125 0.440583346875 0.3855340421875 0.45474349687500004 0.3825659375 0.4790107703125 0.42503694062499997 0.488858878125 0.4379654796875 0.4871183375 0.441889740625 0.4511591140625
5 0.8606035140625 0.5147200437499999 0.8564001343750001 0.4819304765625 0.8129729749999999 0.4837743203125 0.80964623125 0.48837309375000004 0.8140089734375 0.519214003125 0.8414995640624999 0.5198121546875 0.8606035140625 0.5147200437499999
6 0.3794576265625 0.27647980156249996 0.376290240625 0.279129915625 0.3781629546875 0.328392121875 0.41615177656249996 0.3329137953125 0.41744645 0.28100147343750004 0.3794576265625 0.27647980156249996
6 0.6479888578125 0.26419574218749997 0.6076294453125 0.2525808921875 0.5986053671875 0.2546852609375 0.594840465625 0.288695825 0.6255980828125 0.2974524421875 0.6443833156250001 0.296257646875 0.6479888578125 0.26419574218749997
7 0.6615957203125 0.5668621546875 0.6463764328125 0.6086411484375 0.6775524093749999 0.624309028125 0.698050671875 0.578113175 0.670779159375 0.5628091265624999 0.6615957203125 0.5668621546875
8 0.1835574984375 0.338729034375 0.18202362656249998 0.34545838125 0.19825911093749998 0.37544212187500003 0.25214457968750004 0.35395598281249996 0.2344349421875 0.3179443515625 0.1835574984375 0.338729034375
9 0.4762921765625 0.25899579375 0.47240751249999996 0.222308909375 0.421330790625 0.22147643437500003 0.4240003 0.2609953484375 0.4762921765625 0.25899579375
11 0.543785153125 0.7325999140625 0.543725434375 0.7453571515624999 0.5741643328125 0.758011084375 0.5969335453125 0.7080998296875001 0.5657575703125 0.6924319515625 0.543785153125 0.7325999140625
3 0.293958990625 0.6003456218750001 0.28852065625 0.6067111390625 0.3111308328125 0.6549604671875 0.3489203765625 0.63786498125 0.3264695609375 0.587666996875 0.293958990625 0.6003456218750001
3 0.5683670375000001 0.648496178125 0.573008575 0.6518739546875 0.6009772453125 0.64662613125 0.6064155812500001 0.6402606140625 0.59836745625 0.5943499796875 0.5917736875 0.590790290625 0.5638050171875 0.5960381124999999 0.560159553125 0.604534203125 0.5683670375000001 0.648496178125
4 0.7284694484375 0.5308782375 0.7253020640625001 0.533528353125 0.74221490625 0.5792832765625 0.7756219125 0.5676699375 0.75870906875 0.5219150140625 0.7284694484375 0.5308782375
26 0.74516256875 0.3989152109375 0.741676465625 0.40546264218749994 0.7548442046875 0.44890507656249995 0.78809185 0.43924039531250003 0.7732905984375 0.3917187296875 0.74516256875 0.3989152109375
26 0.5585653171875 0.43159693906249996 0.5320906 0.40654960000000007 0.5011538234375 0.43606469531250003 0.496771284375 0.44154684062499994 0.5193415406249999 0.46623035156250003 0.5251982328125 0.466776096875 0.5585653171875 0.43159693906249996
13 0.59545778125 0.22101232187500003 0.59352535 0.184507353125 0.5444008578124999 0.18385679375 0.54527749375 0.22124513281249997 0.59545778125 0.22101232187500003
19 0.1845139765625 0.42324900625 0.186805046875 0.47942247499999996 0.2291764109375 0.47846200312500003 0.2267259796875 0.42423719374999996 0.2201322109375 0.42067750156250006 0.1845139765625 0.42324900625
20 0.847934296875 0.6215324265625 0.84584250625 0.5869761171875 0.800781834375 0.5847407296875 0.7998656000000001 0.619998496875 0.847934296875 0.6215324265625
22 0.5041423734375 0.567898215625 0.5018117046875 0.5843708546874999 0.53436219375 0.59525804375 0.5530675859375 0.54693161875 0.51978001875 0.5330304828125 0.5041423734375 0.567898215625
22 0.3503552546875 0.812750903125 0.34874154062499996 0.7723486187499999 0.295553228125 0.7732828859375 0.29009509375000003 0.81597145625 0.3503552546875 0.812750903125
23 0.479480971875 0.7010822421875 0.47487935312499996 0.7212702828124999 0.509382071875 0.7323393874999999 0.5282468234375 0.682064303125 0.4930070265625 0.667981253125 0.479480971875 0.7010822421875
24 0.46117349374999994 0.6002191375 0.45948026249999996 0.6088971421875 0.48468010625 0.64953375 0.516772315625 0.6299438625 0.49009832031249995 0.5832793640625 0.46117349374999994 0.6002191375
17 0.4821293921875 0.392076515625 0.509938703125 0.38877735 0.513265446875 0.384178578125 0.50537668125 0.33631928437499997 0.4708142421875 0.3380074171875 0.46748749843750004 0.34260619062500003 0.473583390625 0.38833490937500004 0.4821293921875 0.392076515625
17 0.53352515625 0.48522359687499994 0.5318319234375 0.49390160312500003 0.5485454859375001 0.51803936875 0.5908769296874999 0.49351307968749997 0.572848571875 0.461398765625 0.53352515625 0.48522359687499994
15 0.7111194171874999 0.8031708765625 0.70105934375 0.7698355640625001 0.6547237984375001 0.78318944375 0.6513970546875 0.7877882171875 0.661457128125 0.8211235296874999 0.673329871875 0.8202663625 0.7111194171874999 0.8031708765625
45 0.6138055 0.441653165625 0.63840750625 0.41743830156249995 0.6050800203125 0.37997135000000004 0.5804780140625 0.40418621562499996 0.6138055 0.441653165625
47 0.42700929218750006 0.5489296609375 0.38766575468750003 0.5128656234375 0.3632231078125 0.53513183125 0.3588405671875 0.5406139750000001 0.36511561875 0.5480709828125 0.40013633750000005 0.5768599296875 0.42700929218750006 0.5489296609375
49 0.397268515625 0.8043596281250001 0.39509720625 0.8188836078125 0.39977866562500003 0.8458271999999999 0.45450084999999996 0.8381635859375001 0.44898267656249996 0.7973974687500001 0.397268515625 0.8043596281250001
50 0.6684488109375 0.6754936875 0.6434083265625 0.6329084218750001 0.615539296875 0.6489648234375001 0.6149018609375 0.6567594578125 0.6381494734375 0.69721415 0.667970734375 0.6813396640625 0.6684488109375 0.6754936875
51 0.6335274125 0.5613013984374999 0.6445037218749999 0.5593789421875 0.652013725 0.5276808671875 0.60806856875 0.5118048703125 0.600678003125 0.5179884703125001 0.5925902828125 0.54472394375 0.5952795890625 0.5479198046875 0.6335274125 0.5613013984374999
51 0.7949452640625 0.6440838531249999 0.7681518281249999 0.6229338281250001 0.7630322109375001 0.6254020296875 0.7400039984375 0.6664533640625 0.7632116921875001 0.6833422421875001 0.771020615625 0.6840699015625 0.7949452640625 0.6440838531249999
52 0.3103723453125 0.2072099578125 0.3085197546875 0.217836621875 0.3149940859375 0.2469107875 0.3695569125 0.24119583125 0.36372001875 0.20432703124999999 0.3103723453125 0.2072099578125
41 0.5500803249999999 0.799945790625 0.546355021875 0.7613102484375001 0.49480022031250004 0.7663237484375001 0.49551749999999994 0.8056607484375 0.5500803249999999 0.799945790625
41 0.7203213640625 0.3779471015625 0.7207994421875 0.3721011265625 0.7001814171875 0.34759952968749996 0.6632285890625 0.3785175390625 0.6817350234374999 0.4047858796875 0.687591715625 0.4053316234375 0.7203213640625 0.3779471015625
42 0.27459539843749997 0.4041539671875 0.2712686515625 0.40875274062500006 0.29989488125 0.4555991546875 0.3337799625 0.4381398390625 0.30726532500000003 0.3895266828125 0.27459539843749997 0.4041539671875
44 0.6109967546874999 0.46397178125 0.6085664453125 0.46963584062499997 0.64416488125 0.503387390625 0.6689262453125 0.4772238671875 0.6333278109375 0.4434723171875 0.6109967546874999 0.46397178125