18 0.591796875 0.2822265625 0.5439453125 0.212890625 0.4892578125 0.236328125 0.48828125 0.2451171875 0.5322265625 0.31640625 0.591796875 0.2880859375 0.591796875 0.2822265625
22 0.3134765625 0.66796875 0.2373046875 0.703125 0.236328125 0.7119140625 0.2822265625 0.818359375 0.361328125 0.7783203125 0.3134765625 0.66796875
23 0.3896484375 0.626953125 0.3173828125 0.662109375 0.314453125 0.6689453125 0.3642578125 0.775390625 0.439453125 0.7333984375 0.3896484375 0.626953125
25 0.8583984375 0.6640625 0.912109375 0.6318359375 0.8466796875 0.53515625 0.7880859375 0.564453125 0.783203125 0.5693359375 0.78515625 0.5751953125 0.8447265625 0.666015625 0.8583984375 0.6640625
14 0.197265625 0.5400390625 0.1572265625 0.447265625 0.0908203125 0.4765625 0.0859375 0.4853515625 0.1240234375 0.57421875 0.1318359375 0.57421875 0.197265625 0.5400390625
15 0.2294921875 0.416015625 0.1630859375 0.4453125 0.162109375 0.4560546875 0.2001953125 0.5390625 0.2734375 0.5048828125 0.2294921875 0.416015625
16 0.2783203125 0.505859375 0.345703125 0.4716796875 0.2998046875 0.384765625 0.2373046875 0.412109375 0.232421875 0.4169921875 0.234375 0.4248046875 0.2744140625 0.50390625 0.2783203125 0.505859375
17 0.4140625 0.4384765625 0.408203125 0.4208984375 0.3662109375 0.3515625 0.302734375 0.3818359375 0.30078125 0.3857421875 0.3466796875 0.46875 0.3544921875 0.46875 0.4140625 0.4384765625
45 0.529296875 0.3173828125 0.529296875 0.3095703125 0.4833984375 0.23828125 0.4248046875 0.26171875 0.421875 0.2685546875 0.427734375 0.2802734375 0.4677734375 0.345703125 0.529296875 0.3173828125
5 0.65234375 0.2529296875 0.6044921875 0.1875 0.5478515625 0.2109375 0.546875 0.2158203125 0.5947265625 0.2890625 0.65234375 0.2607421875 0.65234375 0.2529296875
6 0.6083984375 0.431640625 0.5458984375 0.4609375 0.546875 0.4716796875 0.5966796875 0.5546875 0.662109375 0.5224609375 0.6083984375 0.431640625
46 0.5419921875 0.46484375 0.4794921875 0.494140625 0.4765625 0.5029296875 0.5263671875 0.591796875 0.595703125 0.5556640625 0.5419921875 0.46484375
26 0.6748046875 0.40234375 0.6123046875 0.4296875 0.61328125 0.4384765625 0.6650390625 0.521484375 0.73046875 0.4873046875 0.6748046875 0.40234375
33 0.7373046875 0.37109375 0.6787109375 0.3984375 0.677734375 0.4052734375 0.7314453125 0.48828125 0.794921875 0.4560546875 0.7373046875 0.37109375
12 0.7734375 0.7021484375 0.7138671875 0.607421875 0.6455078125 0.640625 0.6484375 0.6552734375 0.7041015625 0.75 0.775390625 0.7119140625 0.7734375 0.7021484375
52 0.845703125 0.6708984375 0.7802734375 0.5703125 0.7197265625 0.6015625 0.716796875 0.6083984375 0.72265625 0.6201171875 0.7783203125 0.708984375 0.845703125 0.6708984375